7.888601176185548306e+08 3.147748314101315614e+00
7.998342550070292950e+08 3.235936569296282705e+00
8.203515443298176527e+08 3.147748314101315614e+00
8.433347577642756701e+08 3.235936569296282705e+00
8.669618757582178116e+08 3.147748314101315614e+00
8.912509381337441206e+08 3.235936569296282705e+00
9.162204901219992638e+08 3.147748314101315614e+00
9.418895965228418112e+08 3.235936569296282705e+00
9.682778562612506151e+08 3.147748314101315614e+00
9.931160484209334850e+08 3.235936569296282705e+00
1.020939483707680702e+09 3.147748314101315614e+00
1.049542428652324200e+09 3.235936569296282705e+00
1.078946722229827404e+09 3.147748314101315614e+00
1.109174815262400866e+09 3.235936569296282705e+00
1.140249787561169624e+09 3.147748314101315614e+00
1.172195365548132658e+09 3.235936569296282705e+00
1.205035940371796131e+09 3.147748314101315614e+00
1.235947433444511890e+09 3.235936569296282705e+00
1.270574105208539248e+09 3.147748314101315614e+00
1.306170888131840467e+09 3.235936569296282705e+00
1.342764961137864113e+09 3.147748314101315614e+00
1.380384264602886677e+09 3.235936569296282705e+00
1.419057521689089775e+09 3.147748314101315614e+00
1.458814260275347471e+09 3.235936569296282705e+00
1.499684835502373934e+09 3.147748314101315614e+00
1.538154640303032637e+09 3.235936569296282705e+00
1.581248039270382643e+09 3.147748314101315614e+00
1.625548755750485182e+09 3.235936569296282705e+00
1.671090614310710430e+09 3.147748314101315614e+00
1.717908387157585859e+09 3.235936569296282705e+00
1.766037820686163902e+09 3.147748314101315614e+00
1.815515662773137093e+09 3.235936569296282705e+00
1.866379690834673166e+09 3.147748314101315614e+00
1.914255925021085978e+09 3.235936569296282705e+00
1.967886289706846952e+09 3.147748314101315614e+00
2.023019178678267717e+09 3.235936569296282705e+00
2.079696687103693724e+09 3.147748314101315614e+00
2.137962089502232552e+09 3.235936569296282705e+00
2.197859872784827709e+09 3.147748314101315614e+00
2.259435770220973492e+09 3.235936569296282705e+00
2.322736796357105255e+09 3.147748314101315614e+00
2.382319469358694077e+09 3.235936569296282705e+00
2.449063241844741821e+09 3.147748314101315614e+00
2.517676927758854389e+09 3.235936569296282705e+00
2.588212915153092861e+09 3.147748314101315614e+00
2.660725059798813820e+09 3.235936569296282705e+00
2.735268726306708336e+09 3.147748314101315614e+00
2.811900830398939610e+09 3.235936569296282705e+00
2.890679882365477562e+09 3.147748314101315614e+00
2.964831389524339199e+09 3.235936569296282705e+00
3.047894989627983093e+09 3.147748314101315614e+00
3.133285724315588951e+09 3.235936569296282705e+00
3.221068791283428192e+09 3.147748314101315614e+00
3.311311214825907707e+09 3.235936569296282705e+00
3.404081897010009289e+09 3.147748314101315614e+00
3.499451670283576488e+09 3.235936569296282705e+00
3.597493351557415962e+09 3.147748314101315614e+00
3.689775985701504707e+09 3.235936569296282705e+00
3.793149849736824512e+09 3.147748314101315614e+00
3.899419866765428066e+09 3.235936569296282705e+00
4.008667176273025990e+09 3.147748314101315614e+00
4.120975190973304272e+09 3.235936569296282705e+00
4.236429660495417595e+09 3.147748314101315614e+00
4.355118736855679512e+09 3.235936569296282705e+00
4.466835921509634972e+09 3.147748314101315614e+00
4.591980128368694305e+09 3.235936569296282705e+00
4.720630412635899544e+09 3.147748314101315614e+00
4.852885001621210098e+09 3.235936569296282705e+00
4.988844874600126266e+09 3.147748314101315614e+00
5.128613839913659096e+09 3.235936569296282705e+00
5.272298614228221893e+09 3.147748314101315614e+00
5.420008904016238213e+09 3.235936569296282705e+00
5.559042572704026222e+09 3.147748314101315614e+00
5.714786366718666077e+09 3.235936569296282705e+00
5.874893525297768593e+09 3.147748314101315614e+00
6.039486293763806343e+09 3.235936569296282705e+00
6.208690342300624847e+09 3.147748314101315614e+00
6.382634861905482292e+09 3.235936569296282705e+00
6.561452663029056549e+09 3.147748314101315614e+00
6.745280276979228973e+09 3.235936569296282705e+00
6.918309709189362526e+09 3.147748314101315614e+00
7.112135136533295631e+09 3.235936569296282705e+00
7.311390834834187508e+09 3.147748314101315614e+00
7.516228940182044983e+09 3.235936569296282705e+00
7.726805850957021713e+09 3.147748314101315614e+00
7.943282347242821693e+09 3.235936569296282705e+00
8.165823713585939407e+09 3.147748314101315614e+00
8.394599865193964005e+09 3.235936569296282705e+00
8.609937521846015930e+09 3.147748314101315614e+00
8.851156098308338165e+09 3.235936569296282705e+00
9.099132726322507858e+09 3.147748314101315614e+00
9.354056741475521088e+09 3.235936569296282705e+00
9.616122783836658478e+09 3.147748314101315614e+00
9.885530946569370270e+09 3.235936569296282705e+00
1.016248692870694923e+10 3.147748314101315614e+00
1.044720219220800400e+10 3.235936569296282705e+00
1.071519305237604904e+10 3.147748314101315614e+00
1.101539309541414452e+10 3.235936569296282705e+00
1.132400363235557747e+10 3.147748314101315614e+00
1.164126029410493279e+10 3.235936569296282705e+00
1.196740531307241821e+10 3.147748314101315614e+00
1.230268770812381172e+10 3.235936569296282705e+00
1.264736347471152306e+10 3.147748314101315614e+00
1.300169578033292580e+10 3.235936569296282705e+00
1.333521432163323975e+10 3.147748314101315614e+00
1.370881766164855003e+10 3.235936569296282705e+00
1.409288798421871948e+10 3.147748314101315614e+00
1.448771853544760132e+10 3.235936569296282705e+00
1.489361077710915375e+10 3.147748314101315614e+00
1.531087461682031822e+10 3.235936569296282705e+00
1.573982864466216469e+10 3.147748314101315614e+00
1.618080037643064499e+10 3.235936569296282705e+00
1.659586907437563133e+10 3.147748314101315614e+00
1.706082389003120804e+10 3.235936569296282705e+00
1.753880501841760254e+10 3.147748314101315614e+00
1.803017740859569931e+10 3.235936569296282705e+00
1.853531623414814377e+10 3.147748314101315614e+00
1.905460717963244247e+10 3.235936569296282705e+00
1.958844673505989075e+10 3.147748314101315614e+00
1.986094917357371521e+10 3.061963433690677139e+00
2.009092812608731842e+10 3.235936569296282705e+00
2.065380155810527039e+10 3.147748314101315614e+00
2.065380155810527039e+10 3.061963433690677139e+00
2.123244462000219345e+10 3.235936569296282705e+00
2.182729911843003464e+10 3.147748314101315614e+00
2.182729911843003464e+10 3.061963433690677139e+00
2.243881923782770920e+10 3.235936569296282705e+00
2.306747188720066833e+10 3.147748314101315614e+00
2.306747188720066833e+10 3.061963433690677139e+00
2.371373705661655426e+10 3.235936569296282705e+00
2.437810818368754959e+10 3.147748314101315614e+00
2.437810818368754959e+10 3.061963433690677139e+00
2.500345361696429443e+10 3.235936569296282705e+00
2.570395782768864822e+10 3.147748314101315614e+00
2.570395782768864822e+10 3.061963433690677139e+00
2.642408757321950150e+10 3.235936569296282705e+00
2.716439268839078140e+10 3.147748314101315614e+00
2.716439268839078140e+10 3.061963433690677139e+00
2.792543841237336349e+10 3.235936569296282705e+00
2.870780582024692154e+10 3.147748314101315614e+00
2.870780582024692154e+10 3.061963433690677139e+00
2.951209226666390228e+10 3.235936569296282705e+00
3.033891184194265747e+10 3.147748314101315614e+00
3.033891184194265747e+10 3.061963433690677139e+00
3.111716337106019974e+10 3.235936569296282705e+00
3.198895109691403580e+10 3.147748314101315614e+00
3.198895109691403580e+10 3.061963433690677139e+00
3.288516308759826279e+10 3.235936569296282705e+00
3.380648362059815216e+10 3.147748314101315614e+00
3.380648362059815216e+10 3.061963433690677139e+00
3.475361614432061005e+10 3.235936569296282705e+00
3.572728381519295502e+10 3.147748314101315614e+00
3.572728381519295502e+10 3.061963433690677139e+00
3.672823004980842590e+10 3.235936569296282705e+00
3.775721909254160309e+10 3.147748314101315614e+00
3.775721909254160309e+10 3.061963433690677139e+00
3.981071705534969330e+10 3.147748314101315614e+00
3.981071705534969330e+10 3.061963433690677139e+00
4.207266283844446564e+10 3.147748314101315614e+00
4.207266283844446564e+10 3.061963433690677139e+00
4.446312674691083527e+10 3.147748314101315614e+00
4.446312674691083527e+10 3.061963433690677139e+00
4.698941086052160645e+10 3.147748314101315614e+00
4.698941086052160645e+10 3.061963433690677139e+00
4.954501908047905731e+10 3.147748314101315614e+00
4.954501908047905731e+10 3.061963433690677139e+00
5.164163692720700073e+10 2.978516429429189483e+00
5.236004365857495117e+10 3.147748314101315614e+00
5.236004365857495117e+10 3.061963433690677139e+00
5.382697825162881470e+10 2.978516429429189483e+00
5.533501092157370758e+10 3.147748314101315614e+00
5.533501092157370758e+10 3.061963433690677139e+00
5.688529308438424683e+10 2.978516429429189483e+00
5.847900841444799805e+10 3.061963433690677139e+00
5.997910762555100250e+10 2.978516429429189483e+00
6.165950018614809418e+10 3.061963433690677139e+00
6.338697112569263458e+10 2.978516429429189483e+00
6.516283940608427429e+10 3.061963433690677139e+00
6.606934480075964355e+10 2.897343587701323386e+00
6.698846094165271759e+10 2.978516429429189483e+00
6.886522963442747498e+10 3.061963433690677139e+00
6.886522963442747498e+10 2.897343587701323386e+00
7.079457843841372681e+10 2.978516429429189483e+00
7.261059574351557922e+10 2.897343587701323386e+00
7.464487584100653076e+10 2.978516429429189483e+00
7.673614893618185425e+10 2.897343587701323386e+00
7.780365510398040771e+10 2.818382931264453717e+00
7.888601176185548401e+10 2.978516429429189483e+00
8.109610578538420105e+10 2.897343587701323386e+00
8.109610578538420105e+10 2.818382931264453717e+00
8.570378452303692627e+10 2.897343587701323386e+00
8.570378452303692627e+10 2.818382931264453717e+00
9.036494737223004150e+10 2.897343587701323386e+00
9.036494737223004150e+10 2.818382931264453717e+00
9.036494737223004150e+10 2.741574171927882553e+00
9.549925860214369202e+10 2.818382931264453717e+00
9.549925860214369202e+10 2.741574171927882553e+00
1.009252886076683350e+11 2.818382931264453717e+00
1.009252886076683350e+11 2.741574171927882553e+00
1.037528415818012695e+11 2.666858664521479572e+00
1.066596121230258942e+11 2.741574171927882553e+00
1.096478196143182831e+11 2.666858664521479572e+00
1.124604973966926880e+11 2.741574171927882553e+00
1.124604973966926880e+11 2.594179362118814058e+00
1.156112242192100525e+11 2.666858664521479572e+00
1.188502227437016449e+11 2.594179362118814058e+00
1.221799660164871063e+11 2.666858664521479572e+00
1.221799660164871063e+11 2.523480772480574785e+00
1.256029963694875488e+11 2.594179362118814058e+00
1.291219273613536072e+11 2.523480772480574785e+00
1.327394457729737396e+11 2.594179362118814058e+00
1.345860354055946960e+11 2.454708915685030579e+00
1.364583136588923798e+11 2.523480772480574785e+00
1.399587322572620544e+11 2.454708915685030579e+00
1.438798578255843811e+11 2.523480772480574785e+00
1.458814260275347290e+11 2.387811282913177457e+00
1.479108388168207092e+11 2.454708915685030579e+00
1.520547529732496948e+11 2.387811282913177457e+00
1.563147642640957031e+11 2.454708915685030579e+00
1.584893192461110840e+11 2.322736796357106837e+00
1.606941253012875671e+11 2.387811282913177457e+00
1.651961798229014893e+11 2.322736796357106837e+00
1.674942876026438293e+11 2.259435770220977524e+00
1.698243652461745911e+11 2.387811282913177457e+00
1.741806873391612854e+11 2.322736796357106837e+00
1.741806873391612854e+11 2.259435770220977524e+00
1.840772001468958130e+11 2.322736796357106837e+00
1.840772001468958130e+11 2.259435770220977524e+00
1.840772001468958130e+11 2.197859872784825086e+00
1.945360081622661438e+11 2.259435770220977524e+00
1.972422736114853516e+11 2.197859872784825086e+00
1.972422736114853516e+11 2.137962089502232210e+00
2.055890595984144592e+11 2.197859872784825086e+00
2.055890595984144592e+11 2.137962089502232210e+00
2.084490883097292786e+11 2.079696687103695485e+00
2.167704104819696350e+11 2.079696687103695485e+00
2.197859872784827576e+11 2.023019178678271413e+00
2.228435149270307617e+11 2.137962089502232210e+00
2.290867652767770081e+11 2.079696687103695485e+00
2.290867652767770081e+11 2.023019178678271413e+00
2.421029046736180115e+11 2.079696687103695485e+00
2.421029046736180115e+11 2.023019178678271413e+00
2.421029046736180115e+11 1.967886289706844760e+00
2.558585886905642700e+11 2.023019178678271413e+00
2.558585886905642700e+11 1.967886289706844760e+00
2.558585886905642700e+11 1.914255925021085547e+00
2.697739432444915161e+11 1.967886289706844760e+00
2.697739432444915161e+11 1.914255925021085547e+00
2.697739432444915161e+11 1.862087136662867515e+00
2.851018267503909912e+11 1.914255925021085547e+00
2.851018267503909912e+11 1.862087136662867515e+00
2.890679882365477905e+11 1.811340092619602604e+00
3.013006024186115723e+11 1.862087136662867515e+00
3.013006024186115723e+11 1.811340092619602604e+00
3.097419299216577759e+11 1.761976046411629193e+00
3.184197521726125488e+11 1.811340092619602604e+00
3.265878321723353271e+11 1.761976046411629193e+00
3.265878321723353271e+11 1.713957307508425343e+00
3.451437393358564453e+11 1.761976046411629193e+00
3.451437393358564453e+11 1.713957307508425343e+00
3.451437393358564453e+11 1.667247212551062896e+00
3.647539469256072998e+11 1.713957307508425343e+00
3.647539469256072998e+11 1.667247212551062896e+00
3.647539469256072998e+11 1.621810097358930003e+00
3.854783576657720947e+11 1.667247212551062896e+00
3.854783576657720947e+11 1.621810097358930003e+00
3.854783576657720947e+11 1.577611269699348728e+00
4.064433291652127686e+11 1.621810097358930003e+00
4.064433291652127686e+11 1.577611269699348728e+00
4.064433291652127686e+11 1.534616982799294371e+00
4.295364267648864136e+11 1.577611269699348728e+00
4.295364267648864136e+11 1.534616982799294371e+00
4.355118736855679321e+11 1.492794409578996007e+00
4.539416166502031860e+11 1.534616982799294371e+00
4.539416166502031860e+11 1.492794409578996007e+00
4.602565735813562622e+11 1.452111617587742209e+00
4.797334486366881714e+11 1.492794409578996007e+00
4.797334486366881714e+11 1.452111617587742209e+00
4.864072056914608765e+11 1.412537544622754382e+00
5.058246620031148071e+11 1.452111617587742209e+00
5.058246620031148071e+11 1.412537544622754382e+00
5.199959965335151367e+11 1.377209468893946465e+00
5.272298614228221436e+11 1.339676687425935153e+00
5.345643593969713745e+11 1.412537544622754382e+00
5.495408738576248169e+11 1.377209468893946465e+00
5.495408738576248169e+11 1.339676687425935153e+00
5.571857489319304199e+11 1.303166778452299335e+00
5.807644175213111572e+11 1.339676687425935153e+00
5.807644175213111572e+11 1.303166778452299335e+00
5.888436553555883789e+11 1.267651865857845506e+00
6.137620051647945557e+11 1.303166778452299335e+00
6.137620051647945557e+11 1.267651865857845506e+00
6.208690342300625000e+11 1.233104833228908959e+00
6.471426157485831299e+11 1.267651865857845506e+00
6.471426157485831299e+11 1.233104833228908959e+00
6.561452663029056396e+11 1.199499303149378804e+00
6.839116472814306641e+11 1.233104833228908959e+00
6.839116472814306641e+11 1.199499303149378804e+00
6.934258060165679932e+11 1.166809617060962534e+00
7.227698036021702881e+11 1.199499303149378804e+00
7.227698036021702881e+11 1.166809617060962534e+00
7.328245331389044189e+11 1.135010815672315099e+00
7.638357835776892090e+11 1.166809617060962534e+00
7.638357835776892090e+11 1.135010815672315099e+00
7.726805850957021484e+11 1.104078619902073122e+00
8.053784411990677490e+11 1.135010815672315099e+00
8.053784411990677490e+11 1.104078619902073122e+00
8.165823713585938721e+11 1.073989412341244787e+00
8.511380382023758545e+11 1.104078619902073122e+00
8.511380382023758545e+11 1.073989412341244787e+00
8.511380382023758545e+11 1.044720219220800050e+00
8.871560120379616699e+11 1.016248692870695525e+00
8.994975815300364990e+11 1.073989412341244787e+00
8.994975815300364990e+11 1.044720219220800050e+00
9.246981739382210693e+11 1.016248692870695525e+00
9.375620069258792725e+11 9.885530946569388577e-01
9.506047936562808838e+11 1.044720219220800050e+00
9.749896377173886719e+11 1.016248692870695525e+00
9.749896377173886719e+11 9.885530946569388577e-01
9.885530946569370117e+11 9.616122783836646981e-01
1.030386120441615845e+12 9.885530946569388577e-01
1.030386120441615845e+12 9.616122783836646981e-01
1.044720219220800415e+12 9.354056741475519354e-01
1.088930093333435425e+12 9.616122783836646981e-01
1.088930093333435425e+12 9.354056741475519354e-01
1.119437883467150146e+12 9.099132726322515241e-01
1.135010815672314209e+12 8.851156098308354814e-01
1.150800388944435547e+12 9.354056741475519354e-01
1.180320635651727295e+12 9.099132726322515241e-01
1.180320635651727295e+12 8.851156098308354814e-01
1.196740531307241943e+12 8.609937521846006137e-01
1.247383514242943359e+12 8.851156098308354814e-01
1.247383514242943359e+12 8.609937521846006137e-01
1.264736347471152344e+12 8.375292821268826016e-01
1.318256738556404785e+12 8.609937521846006137e-01
1.318256738556404785e+12 8.375292821268826016e-01
1.336595516546440430e+12 8.147042840208396086e-01
1.374041975012514893e+12 7.925013304804717773e-01
1.393156802945303467e+12 8.375292821268826016e-01
1.393156802945303467e+12 8.147042840208396086e-01
1.432187899273545410e+12 7.925013304804717773e-01
1.452111617587744873e+12 7.709034690644300802e-01
1.468926277643866211e+12 8.147042840208396086e-01
1.510080154164149414e+12 7.925013304804717773e-01
1.510080154164149414e+12 7.709034690644300802e-01
1.531087461682031982e+12 7.498942093324558744e-01
1.595879147236730469e+12 7.709034690644300802e-01
1.595879147236730469e+12 7.498942093324558744e-01
1.618080037643064453e+12 7.294575102545687306e-01
1.663412650370169678e+12 7.095777679633887836e-01
1.686553025388742432e+12 7.498942093324558744e-01
1.686553025388742432e+12 7.294575102545687306e-01
1.733803997754141113e+12 7.095777679633887836e-01
1.757923613958689453e+12 6.902398038402419722e-01
1.782378767448087158e+12 7.294575102545687306e-01
1.828100216142744629e+12 7.095777679633887836e-01
1.828100216142744629e+12 6.902398038402419722e-01
1.853531623414814209e+12 6.714288529259523353e-01
1.931968317016922119e+12 6.902398038402419722e-01
1.931968317016922119e+12 6.714288529259523353e-01
1.958844673505989014e+12 6.531305526474723289e-01
2.041737944669531738e+12 6.714288529259523353e-01
2.041737944669531738e+12 6.531305526474723289e-01
2.098939883623520264e+12 6.353309318517437188e-01
2.128139045982708984e+12 6.180164001384158556e-01
2.157744409152664551e+12 6.531305526474723289e-01
2.218196419800219238e+12 6.353309318517437188e-01
2.218196419800219238e+12 6.180164001384158556e-01
2.249054605835782715e+12 6.025595860743577781e-01
2.338837238659353516e+12 6.180164001384158556e-01
2.338837238659353516e+12 6.025595860743577781e-01
2.371373705661655273e+12 5.861381645140286700e-01
2.471724145016134277e+12 6.025595860743577781e-01
2.471724145016134277e+12 5.861381645140286700e-01
2.540972705549301270e+12 5.701642722807475083e-01
2.576321157002572754e+12 5.546257129579107437e-01
2.612161354399205078e+12 5.861381645140286700e-01
2.685344445658508789e+12 5.701642722807475083e-01
2.685344445658508789e+12 5.546257129579107437e-01
2.722701308077915527e+12 5.395106225151276025e-01
2.831391995799378906e+12 5.546257129579107437e-01
2.831391995799378906e+12 5.395106225151276025e-01
2.870780582024691895e+12 5.248074602497725394e-01
2.992264636608195312e+12 5.395106225151276025e-01
2.992264636608195312e+12 5.248074602497725394e-01
3.033891184194265625e+12 5.105049999754063261e-01
3.118889584093935547e+12 4.965923214503361049e-01
3.162277660168379395e+12 5.248074602497725394e-01
3.162277660168379395e+12 5.105049999754063261e-01
3.250872973854347168e+12 4.965923214503361049e-01
3.296097121774583008e+12 4.830588020397726390e-01
3.341950400261135742e+12 5.105049999754063261e-01
3.435579478998743164e+12 4.965923214503361049e-01
3.435579478998743164e+12 4.830588020397726390e-01
3.475361614432061035e+12 4.698941086052154104e-01
3.572728381519295898e+12 4.570881896148750179e-01
3.622429984166979980e+12 4.830588020397726390e-01
3.622429984166979980e+12 4.698941086052154104e-01
3.723917062545683105e+12 4.570881896148750179e-01
3.775721909254160156e+12 4.446312674691086930e-01
3.828247433168228027e+12 4.698941086052154104e-01
3.935500754557780273e+12 4.570881896148750179e-01
3.935500754557780273e+12 4.446312674691086930e-01
3.990249023621428711e+12 4.325138310350087334e-01
4.159106104940218750e+12 4.446312674691086930e-01
4.159106104940218750e+12 4.325138310350087334e-01
4.216965034285822266e+12 4.207266283844440791e-01
4.325138310350079590e+12 4.092606597300108562e-01
4.385306977749851562e+12 4.325138310350087334e-01
4.385306977749851562e+12 4.207266283844440791e-01
4.508167045414600586e+12 4.092606597300108562e-01
4.570881896148751953e+12 3.981071705534972027e-01
4.634469197362883789e+12 4.207266283844440791e-01
4.764309868054166016e+12 4.092606597300108562e-01
4.764309868054166016e+12 3.981071705534972027e-01
4.830588020397718750e+12 3.872576449216172390e-01
5.035006087879047852e+12 3.981071705534972027e-01
5.035006087879047852e+12 3.872576449216172390e-01
5.176068319505681641e+12 3.767037989839088774e-01
5.308844442309878906e+12 3.872576449216172390e-01
5.457578610912710938e+12 3.767037989839088774e-01
5.457578610912710938e+12 3.664375746478332752e-01
5.533501092157371094e+12 3.564511334262442377e-01
5.767664633922497070e+12 3.664375746478332752e-01
5.767664633922497070e+12 3.564511334262442377e-01
5.847900841444799805e+12 3.467368504525316086e-01
6.095368972401693359e+12 3.564511334262442377e-01
6.095368972401693359e+12 3.467368504525316086e-01
6.266138646723362305e+12 3.372873086588689118e-01
6.353309318517449219e+12 3.280952931131190242e-01
6.441692655151761719e+12 3.467368504525316086e-01
6.606934480075964844e+12 3.372873086588689118e-01
6.606934480075964844e+12 3.280952931131190242e-01
6.698846094165272461e+12 3.191537855100761711e-01
6.982324040771704102e+12 3.280952931131190242e-01
6.982324040771704102e+12 3.191537855100761711e-01
7.177942912713615234e+12 3.104559588128355530e-01
7.379042301291015625e+12 3.191537855100761711e-01
7.585775750291851562e+12 3.104559588128355530e-01
7.585775750291851562e+12 3.019951720402015982e-01
7.691304402866083008e+12 2.937649651961530828e-01
8.016780633876790039e+12 3.019951720402015982e-01
8.016780633876790039e+12 2.937649651961530828e-01
8.128305161640995117e+12 2.857590543374946557e-01
8.452788451602891602e+12 2.937649651961530828e-01
8.452788451602891602e+12 2.857590543374946557e-01
8.689604292863019531e+12 2.779713267759288398e-01
8.810488730080146484e+12 2.703958364108843826e-01
8.933054837332962891e+12 2.857590543374946557e-01
9.183325964835791016e+12 2.779713267759288398e-01
9.183325964835791016e+12 2.703958364108843826e-01
9.311078754678291016e+12 2.630267991895381963e-01
9.705099672454898438e+12 2.703958364108843826e-01
9.705099672454898438e+12 2.630267991895381963e-01
9.840111057611345703e+12 2.564484036517717391e-01
1.009252886076683398e+13 2.494594726942954699e-01
1.023292992280753711e+13 2.630267991895381963e-01
1.023292992280753711e+13 2.564484036517717391e-01
1.051961873823223438e+13 2.494594726942954699e-01
1.066596121230258984e+13 2.426610095082415430e-01
1.081433951297939844e+13 2.564484036517717391e-01
1.111731727281589648e+13 2.494594726942954699e-01
1.111731727281589648e+13 2.426610095082415430e-01
1.127197456175509375e+13 2.360478233180577090e-01
1.174897554939530273e+13 2.426610095082415430e-01
1.174897554939530273e+13 2.360478233180577090e-01
1.207813835106782227e+13 2.296148648112361912e-01
1.224616199265046484e+13 2.233572222830531584e-01
1.241652307592409375e+13 2.360478233180577090e-01
1.273503081016662891e+13 2.296148648112361912e-01
1.273503081016662891e+13 2.233572222830531584e-01
1.291219273613536133e+13 2.172701178863744309e-01
1.345860354055946875e+13 2.233572222830531584e-01
1.345860354055946875e+13 2.172701178863744309e-01
1.364583136588923828e+13 2.113489039836646544e-01
1.402813704561958984e+13 2.055890595984141422e-01
1.422328787122821289e+13 2.172701178863744309e-01
1.422328787122821289e+13 2.113489039836646544e-01
1.462177174456715234e+13 2.055890595984141422e-01
1.482518085145951367e+13 1.999861869632744427e-01
1.503141966090020898e+13 2.113489039836646544e-01
1.545254439538414062e+13 2.055890595984141422e-01
1.545254439538414062e+13 1.999861869632744427e-01
1.563147642640957031e+13 1.945360081622662940e-01
1.629296032639721484e+13 1.999861869632744427e-01
1.629296032639721484e+13 1.945360081622662940e-01
1.674942876026438086e+13 1.892343618644975467e-01
1.698243652461746094e+13 1.840772001468955754e-01
1.721868574986009570e+13 1.945360081622662940e-01
1.770108958317418359e+13 1.892343618644975467e-01
1.770108958317418359e+13 1.840772001468955754e-01
1.794733626832524609e+13 1.790605854035294264e-01
1.870682140365801562e+13 1.840772001468955754e-01
1.870682140365801562e+13 1.790605854035294264e-01
1.923091728910161328e+13 1.741806873391614219e-01
1.945360081622661328e+13 1.694337800447328346e-01
1.972422736114853516e+13 1.790605854035294264e-01
2.027682719521283984e+13 1.741806873391614219e-01
2.027682719521283984e+13 1.694337800447328346e-01
2.055890595984144531e+13 1.648162391525508086e-01
2.142890601120056250e+13 1.694337800447328346e-01
2.142890601120056250e+13 1.648162391525508086e-01
2.172701178863743359e+13 1.603245390690041239e-01
2.233572222830532812e+13 1.559552502826953568e-01
2.264644307593061719e+13 1.648162391525508086e-01
2.264644307593061719e+13 1.603245390690041239e-01
2.328091257665012891e+13 1.559552502826953568e-01
2.360478233180573438e+13 1.517050367459336913e-01
2.387811282913178125e+13 1.603245390690041239e-01
2.454708915685033594e+13 1.559552502826953568e-01
2.454708915685033594e+13 1.517050367459336913e-01
2.488857318282395312e+13 1.475706533275894516e-01
2.558585886905642578e+13 1.435489433353656086e-01
2.594179362118812500e+13 1.517050367459336913e-01
2.594179362118812500e+13 1.475706533275894516e-01
2.666858664521480859e+13 1.435489433353656086e-01
2.703958364108846094e+13 1.396368361055937701e-01
2.741574171927886328e+13 1.475706533275894516e-01
2.818382931264449219e+13 1.435489433353656086e-01
2.818382931264449219e+13 1.396368361055937701e-01
2.857590543374943750e+13 1.358313446587154083e-01
2.971666031738031250e+13 1.396368361055937701e-01
2.971666031738031250e+13 1.358313446587154083e-01
3.054921113215509375e+13 1.321295634186575030e-01
3.097419299216577734e+13 1.285286659943615517e-01
3.140508693876216406e+13 1.358313446587154083e-01
3.228494121712637891e+13 1.321295634186575030e-01
3.228494121712637891e+13 1.285286659943615517e-01
3.273406948788386328e+13 1.250259030217719947e-01
3.411929116219281250e+13 1.285286659943615517e-01
3.411929116219281250e+13 1.250259030217719947e-01
3.507518739525679297e+13 1.216186000646367893e-01
3.556313185689854688e+13 1.183041555725164590e-01
3.605786430216427344e+13 1.250259030217719947e-01
3.698281797802658594e+13 1.216186000646367893e-01
3.698281797802658594e+13 1.183041555725164590e-01
3.749730022454833594e+13 1.150800388944435981e-01
3.908408957924025000e+13 1.183041555725164590e-01
3.908408957924025000e+13 1.150800388944435981e-01
4.017908108489392188e+13 1.122018454301963591e-01
4.073802778041121875e+13 1.091440336448756543e-01
4.130475019901610156e+13 1.150800388944435981e-01
4.246195639463129688e+13 1.122018454301963591e-01
4.246195639463129688e+13 1.091440336448756543e-01
4.365158322401665625e+13 1.061695557198724660e-01
4.487453899331314062e+13 1.091440336448756543e-01
4.602565735813562500e+13 1.061695557198724660e-01
4.602565735813562500e+13 1.032761405761397494e-01
4.666593803142891406e+13 1.004615790278395177e-01
4.864072056914609375e+13 1.032761405761397494e-01
4.864072056914609375e+13 1.004615790278395177e-01
4.931738039549354688e+13 9.772372209558106981e-02
5.140436515824264062e+13 1.004615790278395177e-01
5.140436515824264062e+13 9.772372209558106981e-02
5.284452517751813281e+13 9.506047936562814216e-02
5.357966575133406250e+13 9.246981739382224841e-02
5.432503314924325000e+13 9.772372209558106981e-02
5.584701947368306250e+13 9.506047936562814216e-02
5.584701947368306250e+13 9.246981739382224841e-02
5.649369748123034375e+13 8.994975815300350341e-02
5.888436553555883594e+13 9.246981739382224841e-02
5.888436553555883594e+13 8.994975815300350341e-02
5.970352865838365625e+13 8.749837752274360059e-02
6.223002851691601562e+13 8.994975815300350341e-02
6.223002851691601562e+13 8.749837752274360059e-02
6.397348354826468750e+13 8.511380382023762958e-02
6.486344335482375000e+13 8.279421637123340894e-02
6.576578373554199219e+13 8.749837752274360059e-02
6.760829753919818750e+13 8.511380382023762958e-02
6.760829753919818750e+13 8.279421637123340894e-02
6.854882264526620312e+13 8.053784411990665137e-02
7.128530301265190625e+13 8.279421637123340894e-02
7.128530301265190625e+13 8.053784411990665137e-02
7.227698036021703125e+13 7.834296427662115758e-02
7.533555637337185938e+13 8.053784411990665137e-02
7.533555637337185938e+13 7.834296427662115758e-02
7.638357835776892188e+13 7.620790100254118404e-02
7.852356346100709375e+13 7.413102413009177438e-02
7.961593504173184375e+13 7.834296427662115758e-02
7.961593504173184375e+13 7.620790100254118404e-02
8.184647881347903125e+13 7.413102413009177438e-02
8.298507675144234375e+13 7.211074791828997466e-02
8.413951416451964062e+13 7.620790100254118404e-02
8.629785477669701562e+13 7.413102413009177438e-02
8.629785477669701562e+13 7.211074791828997466e-02
8.749837752274364062e+13 7.014552984199713681e-02
9.120108393559115625e+13 7.211074791828997466e-02
9.120108393559115625e+13 7.014552984199713681e-02
9.246981739382210938e+13 6.823386941416696716e-02
9.638290236239704688e+13 7.014552984199713681e-02
9.638290236239704688e+13 6.823386941416696716e-02
9.772372209558110938e+13 6.637430704019089966e-02
1.004615790278396719e+14 6.456542290346556356e-02
1.018591388054114844e+14 6.823386941416696716e-02
1.018591388054114844e+14 6.637430704019089966e-02
1.047128548050898438e+14 6.456542290346556356e-02
1.061695557198724219e+14 6.280583588133180351e-02
1.073989412341246250e+14 6.637430704019089966e-02
1.104078619902071250e+14 6.456542290346556356e-02
1.104078619902071250e+14 6.280583588133180351e-02
1.119437883467150156e+14 6.109420249055720620e-02
1.150800388944435625e+14 5.942921586155727048e-02
1.166809617060962969e+14 6.280583588133180351e-02
1.166809617060962969e+14 6.109420249055720620e-02
1.199499303149380625e+14 5.942921586155727048e-02
1.216186000646370312e+14 5.780960474057181275e-02
1.233104833228907031e+14 6.109420249055720620e-02
1.267651865857844844e+14 5.942921586155727048e-02
1.267651865857844844e+14 5.780960474057181275e-02
1.285286659943615469e+14 5.623413251903491145e-02
1.336595516546440469e+14 5.780960474057181275e-02
1.336595516546440469e+14 5.623413251903491145e-02
1.374041975012514844e+14 5.470159628939715718e-02
1.393156802945303594e+14 5.321082592667942396e-02
1.412537544622755312e+14 5.623413251903491145e-02
1.452111617587745000e+14 5.470159628939715718e-02
1.452111617587745000e+14 5.321082592667942396e-02
1.472312502432716250e+14 5.176068319505676418e-02
1.534616982799294062e+14 5.321082592667942396e-02
1.534616982799294062e+14 5.176068319505676418e-02
1.577611269699350000e+14 5.035006087879047298e-02
1.599558028614671250e+14 4.897788193684461666e-02
1.621810097358933125e+14 5.176068319505676418e-02
1.663412650370169688e+14 5.035006087879047298e-02
1.663412650370169688e+14 4.897788193684461666e-02
1.710015315090289688e+14 4.775292736576908920e-02
1.733803997754140938e+14 4.645152752227494491e-02
1.757923613958689375e+14 4.897788193684461666e-02
1.807174126010925625e+14 4.775292736576908920e-02
1.807174126010925625e+14 4.645152752227494491e-02
1.857804455091699062e+14 4.518559443749223942e-02
1.883649089489802188e+14 4.395416154378245510e-02
1.909853258566240625e+14 4.645152752227494491e-02
1.963360276836043438e+14 4.518559443749223942e-02
1.963360276836043438e+14 4.395416154378245510e-02
2.018366363681559688e+14 4.275628861515862189e-02
2.070141348791045625e+14 4.395416154378245510e-02
2.128139045982709062e+14 4.275628861515862189e-02
2.128139045982709062e+14 4.159106104940221010e-02
2.157744409152664688e+14 4.045758916974426245e-02
2.249054605835782812e+14 4.159106104940221010e-02
2.249054605835782812e+14 4.045758916974426245e-02
2.312064790175598750e+14 3.935500754557774705e-02
2.344228815319917812e+14 3.828247433168226188e-02
2.376840286624873438e+14 4.045758916974426245e-02
2.443430552693971250e+14 3.935500754557774705e-02
2.443430552693971250e+14 3.828247433168226188e-02
2.511886431509582188e+14 3.723917062545684803e-02
2.576321157002572812e+14 3.828247433168226188e-02
2.648500138606700938e+14 3.723917062545684803e-02
2.648500138606700938e+14 3.622429984166986028e-02
2.685344445658509062e+14 3.523708710424870716e-02
2.798981319634357188e+14 3.622429984166986028e-02
2.798981319634357188e+14 3.523708710424870716e-02
2.877398414735666875e+14 3.427677865464502649e-02
2.917427014001165625e+14 3.334264127632349112e-02
2.958012466551546250e+14 3.523708710424870716e-02
3.040885025676283125e+14 3.427677865464502649e-02
3.040885025676283125e+14 3.334264127632349112e-02
3.083187950249360000e+14 3.243396173493491574e-02
3.206269324505467500e+14 3.334264127632349112e-02
3.206269324505467500e+14 3.243396173493491574e-02
3.250872973854346875e+14 3.155004623374627754e-02
3.388441561392020625e+14 3.243396173493491574e-02
3.388441561392020625e+14 3.155004623374627754e-02
3.435579478998743125e+14 3.069021988391158057e-02
3.580964371026362500e+14 3.155004623374627754e-02
3.580964371026362500e+14 3.069021988391158057e-02
3.630780547701017500e+14 2.985382618917960251e-02
3.784425847170928125e+14 3.069021988391158057e-02
3.784425847170928125e+14 2.985382618917960251e-02
3.837072454922784375e+14 2.904022654464451236e-02
3.990249023621428750e+14 2.985382618917960251e-02
3.990249023621428750e+14 2.904022654464451236e-02
4.102041029866063750e+14 2.824879974915707470e-02
4.216965034285822500e+14 2.904022654464451236e-02
4.335108783875293125e+14 2.824879974915707470e-02
4.335108783875293125e+14 2.747894153102397458e-02
4.581418867145330000e+14 2.824879974915707470e-02
4.581418867145330000e+14 2.747894153102397458e-02
4.581418867145330000e+14 2.673006408663311517e-02
4.775292736576911875e+14 2.600159563165272206e-02
4.830588020397718750e+14 2.747894153102397458e-02
4.830588020397718750e+14 2.673006408663311517e-02
4.965923214503357500e+14 2.600159563165272206e-02
5.035006087879047500e+14 2.529297996446144836e-02
5.105049999754065000e+14 2.673006408663311517e-02
5.248074602497733750e+14 2.600159563165272206e-02
5.248074602497733750e+14 2.529297996446144836e-02
5.321082592667953125e+14 2.460367604147627521e-02
5.546257129579104375e+14 2.529297996446144836e-02
5.546257129579104375e+14 2.460367604147627521e-02
5.701642722807477500e+14 2.393315756405387656e-02
5.780960474057187500e+14 2.328091257665007921e-02
5.861381645140296250e+14 2.460367604147627521e-02
6.011737374832778750e+14 2.393315756405387656e-02
6.011737374832778750e+14 2.328091257665007921e-02
6.180164001384163750e+14 2.264644307593059389e-02
6.266138646723362500e+14 2.202926463053456185e-02
6.353309318517448750e+14 2.328091257665007921e-02
6.531305526474716250e+14 2.264644307593059389e-02
6.531305526474716250e+14 2.202926463053456185e-02
6.714288529259522500e+14 2.142890601120058316e-02
6.807693586937417500e+14 2.089296130854039618e-02
6.902398038402426250e+14 2.202926463053456185e-02
7.095777679633902500e+14 2.142890601120058316e-02
7.095777679633902500e+14 2.089296130854039618e-02
7.294575102545680000e+14 2.032357010936221980e-02
7.379042301291015000e+14 1.976969640111861035e-02
7.481695005111552500e+14 2.089296130854039618e-02
7.691304402866082500e+14 2.032357010936221980e-02
7.691304402866082500e+14 1.976969640111861035e-02
7.906786279998245000e+14 1.923091728910158657e-02
8.016780633876790000e+14 1.870682140365800480e-02
8.128305161640995000e+14 1.976969640111861035e-02
8.356030182312491250e+14 1.923091728910158657e-02
8.356030182312491250e+14 1.870682140365800480e-02
8.590135215053942500e+14 1.819700858609983596e-02
8.709635899560796250e+14 1.770108958317421002e-02
8.830799004185622500e+14 1.870682140365800480e-02
9.078205301781861250e+14 1.819700858609983596e-02
9.078205301781861250e+14 1.770108958317421002e-02
9.311078754678291250e+14 1.721868574986007080e-02
9.440608762859226250e+14 1.674942876026437252e-02
9.571940712948441250e+14 1.770108958317421002e-02
9.840111057611345000e+14 1.721868574986007080e-02
9.840111057611345000e+14 1.674942876026437252e-02
1.011579454259900375e+15 1.629296032639722391e-02
1.025651926251405750e+15 1.584893192461113431e-02
1.039920165829057875e+15 1.674942876026437252e-02
1.069054879222657750e+15 1.629296032639722391e-02
1.069054879222657750e+15 1.584893192461113431e-02
1.099005839432522000e+15 1.541700452949559125e-02
1.114294533591731500e+15 1.499684835502373276e-02
1.129795914672800000e+15 1.584893192461113431e-02
1.158777356155126250e+15 1.541700452949559125e-02
1.158777356155126250e+15 1.499684835502373276e-02
1.191242008027376250e+15 1.458814260275348093e-02
1.224616199265046500e+15 1.499684835502373276e-02
1.224616199265046500e+15 1.419057521689091883e-02
1.258925411794166250e+15 1.458814260275348093e-02
1.294195841449986250e+15 1.419057521689091883e-02
1.294195841449986250e+15 1.380384264602884520e-02
1.330454417978092750e+15 1.342764961137863505e-02
1.367728825595846750e+15 1.380384264602884520e-02
1.402813704561959000e+15 1.342764961137863505e-02
1.402813704561959000e+15 1.306170888131841755e-02
1.442115351524871000e+15 1.270574105208541887e-02
1.482518085145951500e+15 1.306170888131841755e-02
1.524052753797290750e+15 1.270574105208541887e-02
1.524052753797290750e+15 1.235947433444510753e-02
1.566751070108150250e+15 1.202264434617413176e-02
1.610645635178273250e+15 1.235947433444510753e-02
1.655769963469526000e+15 1.202264434617413176e-02
1.655769963469526000e+15 1.169499391019871229e-02
1.702158508394950000e+15 1.137627285823430978e-02
1.725837891990204000e+15 1.106623783977666448e-02
1.745822152920507500e+15 1.169499391019871229e-02
1.794733626832524750e+15 1.137627285823430978e-02
1.794733626832524750e+15 1.106623783977666448e-02
1.845015419179473750e+15 1.076465213629834890e-02
1.870682140365801500e+15 1.047128548050899575e-02
1.896705921211148250e+15 1.106623783977666448e-02
1.949844599758041500e+15 1.076465213629834890e-02
1.949844599758041500e+15 1.047128548050899575e-02
1.976969640111858000e+15 1.018591388054116906e-02
2.060629913270000500e+15 1.047128548050899575e-02
2.060629913270000500e+15 1.018591388054116906e-02
2.118361135248504250e+15 9.908319448927675049e-03
2.147830474130537500e+15 9.638290236239705627e-03
2.172701178863743250e+15 1.018591388054116906e-02
2.233572222830532750e+15 9.908319448927675049e-03
2.233572222830532750e+15 9.638290236239705627e-03
2.264644307593062000e+15 9.375620069258801259e-03
2.360478233180573500e+15 9.638290236239705627e-03
2.360478233180573500e+15 9.375620069258801259e-03
2.426610095082414500e+15 9.120108393559096804e-03
2.460367604147627500e+15 8.892011178579481076e-03
2.494594726942956000e+15 9.375620069258801259e-03
2.564484036517721500e+15 9.120108393559096804e-03
2.564484036517721500e+15 8.892011178579481076e-03
2.600159563165267000e+15 8.649679187756930190e-03
2.703958364108846000e+15 8.892011178579481076e-03
2.703958364108846000e+15 8.649679187756930190e-03
2.779713267759294000e+15 8.413951416451946955e-03
2.818382931264449000e+15 8.184647881347895462e-03
2.857590543374943500e+15 8.649679187756930190e-03
2.937649651961530500e+15 8.413951416451946955e-03
2.937649651961530500e+15 8.184647881347895462e-03
2.978516429429191000e+15 7.961593504173183553e-03
3.104559588128362000e+15 8.184647881347895462e-03
3.104559588128362000e+15 7.961593504173183553e-03
3.191537855100758500e+15 7.744617978025183924e-03
3.235936569296281000e+15 7.533555637337169958e-03
3.280952931131190500e+15 7.961593504173183553e-03
3.365115693754901500e+15 7.744617978025183924e-03
3.365115693754901500e+15 7.533555637337169958e-03
3.411929116219281000e+15 7.328245331389044402e-03
3.556313185689854500e+15 7.533555637337169958e-03
3.556313185689854500e+15 7.328245331389044402e-03
3.605786430216427500e+15 7.128530301265198661e-03
3.706807217825767500e+15 6.934258060165694043e-03
3.758374042884435500e+15 7.328245331389044402e-03
3.758374042884435500e+15 7.128530301265198661e-03
3.863669770540689500e+15 6.934258060165694043e-03
3.917418771077830500e+15 6.745280276979222743e-03
3.971915494694405000e+15 7.128530301265198661e-03
4.083193863326927500e+15 6.934258060165694043e-03
4.083193863326927500e+15 6.745280276979222743e-03
4.130475019901610500e+15 6.561452663029056741e-03
4.246195639463130000e+15 6.382634861905489565e-03
4.305266104917110000e+15 6.745280276979222743e-03
4.305266104917110000e+15 6.561452663029056741e-03
4.425883723626273500e+15 6.382634861905489565e-03
4.487453899331314000e+15 6.208690342300637703e-03
4.549880601500480000e+15 6.561452663029056741e-03
4.677351412871981000e+15 6.382634861905489565e-03
4.677351412871981000e+15 6.208690342300637703e-03
4.742419852602448000e+15 6.039486293763799904e-03
4.943106869868364000e+15 6.208690342300637703e-03
4.943106869868364000e+15 6.039486293763799904e-03
5.081594425605600000e+15 5.874893525297768780e-03
5.140436515824264000e+15 5.714786366718672267e-03
5.211947111050811000e+15 6.039486293763799904e-03
5.357966575133406000e+15 5.874893525297768780e-03
5.357966575133406000e+15 5.714786366718672267e-03
5.432503314924325000e+15 5.559042572704037122e-03
5.662392890382535000e+15 5.714786366718672267e-03
5.662392890382535000e+15 5.559042572704037122e-03
5.741164622073280000e+15 5.407543229455809286e-03
5.984115950603186000e+15 5.559042572704037122e-03
5.984115950603186000e+15 5.407543229455809286e-03
6.151768727098677000e+15 5.260172663907062597e-03
6.237348354824191000e+15 5.116818355403078035e-03
6.309573444801943000e+15 5.407543229455809286e-03
6.486344335482375000e+15 5.260172663907062597e-03
6.486344335482375000e+15 5.116818355403078035e-03
6.576578373554199000e+15 4.977370849789360466e-03
6.854882264526620000e+15 5.116818355403078035e-03
6.854882264526620000e+15 4.977370849789360466e-03
6.950243175887976000e+15 4.841723675840994313e-03
7.244359600749891000e+15 4.977370849789360466e-03
7.244359600749891000e+15 4.841723675840994313e-03
7.345138681571144000e+15 4.709773263969528959e-03
7.550922276654341000e+15 4.581418867145335000e-03
7.655966069112569000e+15 4.841723675840994313e-03
7.655966069112569000e+15 4.709773263969528959e-03
7.852356346100710000e+15 4.581418867145335000e-03
7.961593504173184000e+15 4.456562483975032643e-03
8.072350302488382000e+15 4.709773263969528959e-03
8.298507675144234000e+15 4.581418867145335000e-03
8.298507675144234000e+15 4.456562483975032643e-03
8.413951416451965000e+15 4.335108783875289175e-03
8.770008211436340000e+15 4.456562483975032643e-03
8.770008211436340000e+15 4.335108783875289175e-03
8.892011178579481000e+15 4.216965034285822915e-03
9.141132414702508000e+15 4.102041029866067799e-03
9.268298233793504000e+15 4.335108783875289175e-03
9.268298233793504000e+15 4.216965034285822915e-03
9.527961640236502000e+15 4.102041029866067799e-03
9.660508789898122000e+15 3.990249023621420324e-03
9.772372209558112000e+15 4.216965034285822915e-03
1.004615790278392600e+16 4.102041029866067799e-03
1.004615790278392600e+16 3.990249023621420324e-03
1.018591388054114800e+16 3.890451449942804868e-03
1.061695557198724200e+16 3.990249023621420324e-03
1.061695557198724200e+16 3.890451449942804868e-03
1.076465213629835000e+16 3.784425847170931612e-03
1.106623783977667600e+16 3.681289736425313007e-03
1.122018454301965200e+16 3.890451449942804868e-03
1.122018454301965200e+16 3.784425847170931612e-03
1.153453257821095400e+16 3.681289736425313007e-03
1.169499391019874800e+16 3.580964371026358790e-03
1.185768748167164400e+16 3.784425847170931612e-03
1.216186000646370400e+16 3.681289736425313007e-03
1.216186000646370400e+16 3.580964371026358790e-03
1.233104833228912200e+16 3.483373150360116396e-03
1.285286659943620600e+16 3.580964371026358790e-03
1.285286659943620600e+16 3.483373150360116396e-03
1.303166778452294600e+16 3.388441561392023862e-03
1.358313446587151400e+16 3.483373150360116396e-03
1.358313446587151400e+16 3.388441561392023862e-03
1.377209468893944400e+16 3.296097121774576102e-03
1.435489433353656000e+16 3.388441561392023862e-03
1.435489433353656000e+16 3.296097121774576102e-03
1.455459080581966800e+16 3.206269324505464039e-03
1.513561248436207200e+16 3.296097121774576102e-03
1.513561248436207200e+16 3.206269324505464039e-03
1.513561248436207200e+16 3.118889584093938704e-03
1.599558028614671200e+16 3.206269324505464039e-03
1.599558028614671200e+16 3.118889584093938704e-03
1.599558028614671200e+16 3.033891184194271746e-03
1.667247212551067800e+16 2.951209226666386826e-03
1.690440931643270200e+16 3.118889584093938704e-03
1.690440931643270200e+16 3.033891184194271746e-03
1.737800828749369200e+16 2.951209226666386826e-03
1.761976046411623800e+16 2.870780582024692190e-03
1.786487574852046200e+16 3.033891184194271746e-03
1.836538343348343600e+16 2.951209226666386826e-03
1.836538343348343600e+16 2.870780582024692190e-03
1.857804455091691200e+16 2.792543841237339099e-03
1.936421963946602800e+16 2.870780582024692190e-03
1.936421963946602800e+16 2.792543841237339099e-03
1.963360276836043200e+16 2.716439268839083553e-03
2.046444636724674000e+16 2.792543841237339099e-03
2.046444636724674000e+16 2.716439268839083553e-03
2.074913517454910800e+16 2.642408757321947511e-03
2.162718523727024400e+16 2.716439268839083553e-03
2.162718523727024400e+16 2.642408757321947511e-03
2.192804935350454000e+16 2.570395782768864542e-03
2.280342072000420800e+16 2.642408757321947511e-03
2.280342072000420800e+16 2.570395782768864542e-03
2.344228815319927600e+16 2.500345361696432091e-03
2.376840286624883200e+16 2.432204009073815794e-03
2.409905428686602800e+16 2.570395782768864542e-03
2.477422057633276000e+16 2.500345361696432091e-03
2.477422057633276000e+16 2.432204009073815794e-03
2.511886431509572000e+16 2.365919697485759001e-03
2.618183008218980800e+16 2.432204009073815794e-03
2.618183008218980800e+16 2.365919697485759001e-03
2.654605561975536400e+16 2.301441817408508925e-03
2.766941645411512800e+16 2.365919697485759001e-03
2.766941645411512800e+16 2.301441817408508925e-03
2.805433637951716000e+16 2.238721138568339902e-03
2.877398414735666800e+16 2.177709772353159188e-03
2.917427014001166000e+16 2.301441817408508925e-03
2.917427014001166000e+16 2.238721138568339902e-03
2.999162518987653200e+16 2.177709772353159188e-03
3.040885025676283200e+16 2.118361135248502097e-03
3.083187950249359600e+16 2.238721138568339902e-03
3.169567463043500000e+16 2.177709772353159188e-03
3.169567463043500000e+16 2.118361135248502097e-03
3.213660538640328000e+16 2.060629913270000443e-03
3.349654391578265600e+16 2.118361135248502097e-03
3.349654391578265600e+16 2.060629913270000443e-03
3.396252725904074800e+16 2.004472027365161550e-03
3.531831697919555600e+16 2.060629913270000443e-03
3.531831697919555600e+16 2.004472027365161550e-03
3.580964371026347600e+16 1.949844599758045584e-03
3.732501577957198400e+16 2.004472027365161550e-03
3.732501577957198400e+16 1.949844599758045584e-03
3.784425847170928000e+16 1.896705921211146477e-03
3.944573020752784800e+16 1.949844599758045584e-03
3.944573020752784800e+16 1.896705921211146477e-03
4.055085354483843200e+16 1.845015419179473664e-03
4.111497211045229600e+16 1.794733626832526602e-03
4.168693834703363200e+16 1.896705921211146477e-03
4.285485203974409600e+16 1.845015419179473664e-03
4.285485203974409600e+16 1.794733626832526602e-03
4.345102241715732000e+16 1.745822152920503906e-03
4.518559443749235200e+16 1.794733626832526602e-03
4.518559443749235200e+16 1.745822152920503906e-03
4.581418867145348800e+16 1.698243652461744243e-03
4.775292736576892000e+16 1.745822152920503906e-03
4.775292736576892000e+16 1.698243652461744243e-03
4.841723675840979200e+16 1.655769963469527544e-03
5.046612975635276800e+16 1.698243652461744243e-03
5.046612975635276800e+16 1.655769963469527544e-03
5.116818355403072800e+16 1.610645635178269966e-03
5.333348954876213600e+16 1.655769963469527544e-03
5.333348954876213600e+16 1.610645635178269966e-03
5.395106225151268000e+16 1.566751070108148578e-03
5.623413251903491200e+16 1.610645635178269966e-03
5.623413251903491200e+16 1.566751070108148578e-03
5.701642722807478400e+16 1.524052753797290561e-03
5.942921586155739200e+16 1.566751070108148578e-03
5.942921586155739200e+16 1.524052753797290561e-03
6.025595860743593600e+16 1.482518085145952949e-03
6.280583588133154400e+16 1.524052753797290561e-03
6.280583588133154400e+16 1.482518085145952949e-03
6.367955209079136000e+16 1.442115351524868132e-03
6.546361740672733600e+16 1.402813704561957538e-03
6.637430704019076000e+16 1.482518085145952949e-03
6.637430704019076000e+16 1.442115351524868132e-03
6.807693586937389600e+16 1.402813704561957538e-03
6.998419960022716800e+16 1.442115351524868132e-03
6.998419960022716800e+16 1.364583136588923924e-03
7.194489780036983200e+16 1.402813704561957538e-03
7.396052750582374400e+16 1.364583136588923924e-03
7.396052750582374400e+16 1.327394457729740148e-03
7.603262769401822400e+16 1.291219273613534741e-03
7.709034690644308800e+16 1.256029963694875505e-03
7.816278045883308800e+16 1.327394457729740148e-03
8.035261221856193600e+16 1.291219273613534741e-03
8.035261221856193600e+16 1.256029963694875505e-03
8.260379495771817600e+16 1.221799660164872396e-03
8.472274141405980800e+16 1.256029963694875505e-03
8.472274141405980800e+16 1.188502227437019006e-03
8.709635899560832000e+16 1.221799660164872396e-03
8.953647655495974400e+16 1.188502227437019006e-03
8.953647655495974400e+16 1.156112242192099213e-03
9.078205301781824000e+16 1.124604973966926826e-03
9.332543007969886400e+16 1.093956366272094130e-03
9.462371613657910400e+16 1.156112242192099213e-03
9.462371613657910400e+16 1.124604973966926826e-03
9.727472237769641600e+16 1.093956366272094130e-03
1.000000000000000000e+17 1.124604973966926826e-03
1.025651926251405760e+17 1.093956366272094130e-03
1.025651926251405760e+17 1.064143018224316404e-03
1.083926914021203840e+17 1.093956366272094130e-03
1.083926914021203840e+17 1.064143018224316404e-03
1.083926914021203840e+17 1.035142166679344118e-03
1.145512941445538400e+17 1.064143018224316404e-03
1.145512941445538400e+17 1.035142166679344118e-03
1.177605973520811520e+17 1.006931668851804426e-03
1.210598133550477920e+17 1.035142166679344118e-03
1.244514611771381760e+17 1.006931668851804426e-03
1.244514611771381760e+17 9.794899854086991375e-04
1.294195841449980960e+17 9.527961640236520856e-04
1.312199899019198720e+17 1.006931668851804426e-03
1.312199899019198720e+17 9.794899854086991375e-04
1.348962882591650560e+17 9.527961640236520856e-04
1.386755828871886720e+17 9.794899854086991375e-04
1.425607593602187840e+17 9.527961640236520856e-04
1.425607593602187840e+17 9.268298233793494014e-04
1.506607066186744960e+17 9.527961640236520856e-04
1.506607066186744960e+17 9.268298233793494014e-04
1.506607066186744960e+17 9.015711376059570023e-04
1.588546748597780800e+17 9.268298233793494014e-04
1.588546748597780800e+17 9.015711376059570023e-04
1.588546748597780800e+17 8.770008211436348174e-04
1.678804018122565760e+17 9.015711376059570023e-04
1.678804018122565760e+17 8.770008211436348174e-04
1.725837891990196800e+17 8.531001140175895059e-04
1.774189480890160640e+17 8.770008211436348174e-04
1.823895702319634560e+17 8.531001140175895059e-04
1.823895702319634560e+17 8.298507675144226005e-04
1.927524913190936640e+17 8.531001140175895059e-04
1.927524913190936640e+17 8.298507675144226005e-04
1.927524913190936640e+17 8.072350302488382704e-04
2.032357010936220800e+17 8.298507675144226005e-04
2.032357010936220800e+17 8.072350302488382704e-04
2.089296130854040960e+17 7.852356346100718620e-04
2.147830474130537600e+17 8.072350302488382704e-04
2.208004733018905920e+17 7.852356346100718620e-04
2.208004733018905920e+17 7.638357835776907233e-04
2.333458062280994880e+17 7.852356346100718620e-04
2.333458062280994880e+17 7.638357835776907233e-04
2.333458062280994880e+17 7.430191378967013639e-04
2.460367604147617280e+17 7.638357835776907233e-04
2.460367604147617280e+17 7.430191378967013639e-04
2.460367604147617280e+17 7.244359600749898306e-04
2.600159563165266880e+17 7.430191378967013639e-04
2.600159563165266880e+17 7.244359600749898306e-04
2.636331385825376000e+17 7.046930689671467149e-04
2.747894153102397440e+17 7.244359600749898306e-04
2.747894153102397440e+17 7.046930689671467149e-04
2.786121168629772160e+17 6.854882264526613580e-04
2.904022654464456960e+17 7.046930689671467149e-04
2.904022654464456960e+17 6.854882264526613580e-04
2.985382618917969280e+17 6.668067692136218742e-04
3.019951720402019200e+17 6.486344335482381466e-04
3.061963433690681600e+17 6.854882264526613580e-04
3.147748314101323520e+17 6.668067692136218742e-04
3.147748314101323520e+17 6.486344335482381466e-04
3.191537855100771200e+17 6.309573444801929842e-04
3.326595532940033280e+17 6.486344335482381466e-04
3.326595532940033280e+17 6.309573444801929842e-04
3.372873086588678400e+17 6.137620051647939496e-04
3.515604405282976000e+17 6.309573444801929842e-04
3.515604405282976000e+17 6.137620051647939496e-04
3.564511334262439040e+17 5.970352865838366233e-04
3.664375746478333440e+17 5.807644175213117930e-04
3.715352290971728000e+17 6.137620051647939496e-04
3.715352290971728000e+17 5.970352865838366233e-04
3.810658233937726080e+17 5.807644175213117930e-04
3.863669770540689280e+17 5.649369748123022087e-04
3.917418771077830400e+17 5.970352865838366233e-04
4.027170343254595200e+17 5.807644175213117930e-04
4.027170343254595200e+17 5.649369748123022087e-04
4.139996748197312640e+17 5.495408738576247707e-04
4.197589839910085760e+17 5.345643593969718861e-04
4.255984131337443840e+17 5.649369748123022087e-04
4.375221051582503040e+17 5.495408738576247707e-04
4.375221051582503040e+17 5.345643593969718861e-04
4.436086439314309760e+17 5.199959965335161725e-04
4.613175745603809920e+17 5.345643593969718861e-04
4.613175745603809920e+17 5.199959965335161725e-04
4.742419852602428800e+17 5.058246620031143148e-04
4.808393484497269760e+17 4.920395356814511248e-04
4.875284901033850240e+17 5.199959965335161725e-04
5.011872336272714880e+17 5.058246620031143148e-04
5.011872336272714880e+17 4.920395356814511248e-04
5.152286445817561600e+17 4.786300923226385375e-04
5.223961889991197440e+17 4.655860935229591091e-04
5.296634438916580480e+17 4.920395356814511248e-04
5.445026528424220160e+17 4.786300923226385375e-04
5.445026528424220160e+17 4.655860935229591091e-04
5.597576014951116160e+17 4.528975799036209023e-04
5.675446054085488640e+17 4.405548635065534356e-04
5.741164622073280000e+17 4.655860935229591091e-04
5.902010801718453760e+17 4.528975799036209023e-04
5.902010801718453760e+17 4.405548635065534356e-04
6.067363295885071360e+17 4.285485203974396628e-04
6.237348354824216320e+17 4.405548635065534356e-04
6.237348354824216320e+17 4.168693834703355054e-04
6.412095765851595520e+17 4.285485203974396628e-04
6.591738952443198720e+17 4.168693834703355054e-04
6.591738952443198720e+17 4.055085354483839357e-04
6.776415076106743040e+17 3.944573020752784953e-04
6.966265141107686400e+17 4.055085354483839357e-04
7.144963260755120640e+17 3.944573020752784953e-04
7.144963260755120640e+17 3.837072454922788533e-04
7.345138681571143680e+17 3.732501577957206555e-04
7.550922276654341120e+17 3.837072454922788533e-04
7.762471166286927360e+17 3.732501577957206555e-04
7.762471166286927360e+17 3.630780547701014001e-04
7.979946872679784960e+17 3.531831697919569934e-04
8.203515443298210560e+17 3.630780547701014001e-04
8.203515443298210560e+17 3.435579478998746720e-04
8.433347577642722560e+17 3.531831697919569934e-04
8.669618757582142720e+17 3.435579478998746720e-04
8.669618757582142720e+17 3.341950400261142805e-04
8.892011178579517440e+17 3.250872973854343657e-04
9.015711376059534080e+17 3.162277660168379394e-04
9.141132414702471680e+17 3.341950400261142805e-04
9.397233105646356480e+17 3.250872973854343657e-04
9.397233105646356480e+17 3.162277660168379394e-04
9.660508789898120960e+17 3.083187950249353416e-04
9.931160484209335040e+17 3.162277660168379394e-04
9.931160484209335040e+17 2.999162518987649826e-04
1.006931668851804416e+18 2.917427014001165893e-04
1.020939483707680768e+18 3.083187950249353416e-04
1.049542428652324224e+18 2.999162518987649826e-04
1.049542428652324224e+18 2.917427014001165893e-04
1.078946722229831936e+18 2.837919028441555371e-04
1.106623783977667584e+18 2.917427014001165893e-04
1.106623783977667584e+18 2.760577856220344578e-04
1.137627285823433344e+18 2.837919028441555371e-04
1.169499391019874816e+18 2.760577856220344578e-04
1.169499391019874816e+18 2.685344445658506183e-04
1.202264434617408256e+18 2.612161354399204966e-04
1.218989598924862464e+18 2.540972705549304051e-04
1.235947433444506880e+18 2.685344445658506183e-04
1.270574105208539392e+18 2.612161354399204966e-04
1.270574105208539392e+18 2.540972705549304051e-04
1.306170888131840512e+18 2.471724145016129218e-04
1.342764961137864192e+18 2.540972705549304051e-04
1.342764961137864192e+18 2.404362800006932177e-04
1.377209468893944576e+18 2.471724145016129218e-04
1.415793779957080832e+18 2.404362800006932177e-04
1.415793779957080832e+18 2.338837238659356135e-04
1.455459080581966848e+18 2.275097430772071673e-04
1.496235656094435840e+18 2.338837238659356135e-04
1.496235656094435840e+18 2.213094709605638603e-04
1.538154640303038976e+18 2.275097430772071673e-04
1.581248039270388992e+18 2.213094709605638603e-04
1.581248039270388992e+18 2.152781734724373776e-04
1.625548755750478336e+18 2.094112455850893515e-04
1.667247212551067904e+18 2.152781734724373776e-04
1.667247212551067904e+18 2.037042077705719060e-04
1.713957307508432384e+18 2.094112455850893515e-04
1.737800828749369088e+18 1.981527025805099069e-04
1.761976046411623680e+18 2.037042077705719060e-04
1.811340092619598848e+18 1.981527025805099069e-04
1.811340092619598848e+18 1.927524913190936727e-04
1.862087136662865664e+18 1.874994508067419135e-04
1.914255925021085952e+18 1.927524913190936727e-04
1.940885877592779264e+18 1.823895702319638392e-04
1.967886289706846976e+18 1.874994508067419135e-04
2.023019178678276096e+18 1.823895702319638392e-04
2.023019178678276096e+18 1.774189480890166247e-04
2.074913517454910720e+18 1.725837891990203952e-04
2.133044913146579456e+18 1.774189480890166247e-04
2.133044913146579456e+18 1.678804018122560739e-04
2.192804935350454272e+18 1.725837891990203952e-04
2.254239212152437248e+18 1.678804018122560739e-04
2.254239212152437248e+18 1.633051947894334532e-04
2.317394649968470016e+18 1.588546748597779177e-04
2.382319469358684160e+18 1.633051947894334532e-04
2.382319469358684160e+18 1.545254439538414103e-04
2.415460834444935680e+18 1.503141966090022427e-04
2.449063241844741632e+18 1.588546748597779177e-04
2.517676927758854144e+18 1.545254439538414103e-04
2.517676927758854144e+18 1.503141966090022427e-04
2.582260190634590208e+18 1.462177174456718274e-04
2.654605561975536128e+18 1.503141966090022427e-04
2.654605561975536128e+18 1.422328787122819770e-04
2.728977782808040448e+18 1.462177174456718274e-04
2.728977782808040448e+18 1.383566378971781013e-04
2.805433637951716352e+18 1.422328787122819770e-04
2.884031503126611456e+18 1.383566378971781013e-04
2.884031503126611456e+18 1.348962882591653344e-04
2.964831389524351488e+18 1.312199899019202728e-04
3.047894989627995648e+18 1.348962882591653344e-04
3.047894989627995648e+18 1.276438808811343494e-04
3.133285724315575808e+18 1.312199899019202728e-04
3.213660538640328192e+18 1.276438808811343494e-04
3.213660538640328192e+18 1.241652307592410625e-04
3.303695410368135168e+18 1.207813835106779754e-04
3.396252725904074752e+18 1.241652307592410625e-04
3.396252725904074752e+18 1.174897554939529059e-04
3.491403154785855488e+18 1.207813835106779754e-04
3.589219346450050048e+18 1.174897554939529059e-04
3.589219346450050048e+18 1.142878334789771186e-04
3.689775985701504512e+18 1.111731727281590879e-04
3.793149849736824832e+18 1.142878334789771186e-04
3.793149849736824832e+18 1.081433951297937503e-04
3.899419866765444096e+18 1.111731727281590879e-04
3.899419866765444096e+18 1.051961873823222378e-04
3.999447497610977792e+18 1.081433951297937503e-04
4.111497211045229568e+18 1.051961873823222378e-04
4.111497211045229568e+18 1.023292992280753577e-04
4.226686142656041472e+18 9.954054173515274842e-05
4.345102241715731968e+18 1.023292992280753577e-04
4.345102241715731968e+18 9.682778562612486450e-05
4.466835921509616640e+18 9.954054173515274842e-05
4.591980128368675840e+18 9.682778562612486450e-05
4.591980128368675840e+18 9.418895965228417909e-05
4.720630412635899904e+18 9.162204901219992261e-05
4.852885001621210112e+18 9.418895965228417909e-05
4.852885001621210112e+18 8.912509381337458780e-05
4.977370849789350912e+18 9.162204901219992261e-05
5.116818355403073536e+18 8.912509381337458780e-05
5.116818355403073536e+18 8.669618757582161312e-05
5.260172663907062784e+18 8.433347577642756707e-05
5.407543229455815680e+18 8.669618757582161312e-05
5.407543229455815680e+18 8.203515443298176632e-05
5.559042572704048128e+18 8.433347577642756707e-05
5.714786366718689280e+18 8.203515443298176632e-05
5.714786366718689280e+18 7.979946872679769074e-05
5.874893525297744896e+18 7.762471166286911170e-05
6.039486293763781632e+18 7.979946872679769074e-05
6.039486293763781632e+18 7.550922276654340988e-05
6.194410750767837184e+18 7.762471166286911170e-05
6.367955209079136256e+18 7.550922276654340988e-05
6.367955209079136256e+18 7.345138681571143191e-05
6.546361740672734208e+18 7.144963260755134442e-05
6.729766562843167744e+18 7.345138681571143191e-05
6.729766562843167744e+18 6.950243175887962498e-05
6.918309709189362688e+18 7.144963260755134442e-05
7.112135136533295104e+18 6.950243175887962498e-05
7.112135136533295104e+18 6.760829753919818874e-05
7.311390834834187264e+18 6.576578373554199154e-05
7.498942093324558336e+18 6.760829753919818874e-05
7.498942093324558336e+18 6.397348354826481640e-05
7.709034690644308992e+18 6.576578373554199154e-05
7.925013304804733952e+18 6.397348354826481640e-05
7.925013304804733952e+18 6.223002851691588505e-05
8.147042840208420864e+18 6.053408747539135794e-05
8.375292821268792320e+18 6.223002851691588505e-05
8.375292821268792320e+18 5.888436553555884004e-05
8.609937521845981184e+18 6.053408747539135794e-05
8.851156098308337664e+18 5.888436553555884004e-05
8.851156098308337664e+18 5.741164622073279840e-05
9.099132726322507776e+18 5.584701947368306491e-05
9.332543007969886208e+18 5.741164622073279840e-05
9.332543007969886208e+18 5.432503314924335916e-05
9.594006315159316480e+18 5.584701947368306491e-05
9.862794856312098816e+18 5.432503314924335916e-05
9.862794856312098816e+18 5.284452517751802127e-05
1.013911385736680038e+19 5.140436515824264396e-05
1.028016298126474650e+19 5.000345349769783158e-05
1.042317429393305805e+19 5.284452517751802127e-05
1.071519305237609267e+19 5.140436515824264396e-05
1.071519305237609267e+19 5.000345349769783158e-05
