0	1000	-15.79116488542852
0.01	990.0537173622408	-15.82116488542751
0.02	980.2063545929604	-15.85116488542647
0.03	970.4569449197306	-15.88116488542542
0.04	960.8045212604285	-15.91116488542435
0.05	951.2481132873683	-15.94116488542326
0.06	941.7867595377601	-15.97116488542214
0.07	932.4195086371612	-16.001164885421
0.08	923.1454192653503	-16.03116488541984
0.09	913.9635658646184	-16.06116488541865
0.1	904.8730382290577	-16.09116488541744
0.11	895.872935008332	-16.12116488541621
0.12	886.9623631759995	-16.15116488541495
0.13	878.1404371945503	-16.18116488541367
0.14	869.4062654745654	-16.21116488541236
0.15	860.7589542393922	-16.24116488541102
0.16	852.1976200035294	-16.27116488540965
0.17	843.7213898075042	-16.30116488540826
0.18	835.3294060942059	-16.33116488540684
0.19	827.0208710136032	-16.3611648854054
0.2	818.7950236766587	-16.39116488540392
0.21	810.6511047916019	-16.42116488540241
0.22	802.5883568850111	-16.45116488540087
0.23	794.6060102713691	-16.4811648853993
0.24	786.7032055812529	-16.5111648853977
0.25	778.8790509213953	-16.54116488539607
0.26	771.1326725855015	-16.5711648853944
0.27	763.4632134948433	-16.6011648853927
0.28	755.8698491147737	-16.63116488539097
0.29	748.351847116975	-16.6611648853892
0.3	740.9085077396059	-16.6911648853874
0.31	733.5391336032947	-16.72116488538556
0.32	726.243030533039	-16.75116488538368
0.33	719.019506648012	-16.78116488538176
0.34	711.8678698827101	-16.81116488537981
0.35	704.7874315269563	-16.84116488537781
0.36	697.7775072772889	-16.87116488537578
0.37	690.8374173531588	-16.9011648853737
0.38	683.966474977552	-16.93116488537158
0.39	677.1639707783985	-16.96116488536942
0.4	670.4291996292653	-16.99116488536722
0.41	663.7614653115605	-17.02116488536497
0.42	657.1600803298331	-17.05116488536267
0.43	650.6243552628248	-17.08116488536033
0.44	644.1535923622558	-17.11116488535794
0.45	637.7471027558434	-17.14116488535551
0.46	631.4042082822006	-17.17116488535302
0.47	625.1242414508229	-17.20116488535049
0.48	618.9065950115494	-17.2311648853479
0.49	612.7507258567029	-17.26116488534526
0.5	606.6560948306522	-17.29116488534257
0.51	600.6221616263476	-17.32116488533982
0.52	594.6483831499961	-17.35116488533702
0.53	588.734162390825	-17.38116488533416
0.54	582.8788590611913	-17.41116488533124
0.55	577.0818407101705	-17.44116488532827
0.56	571.3424850357666	-17.47116488532523
0.57	565.6601818460755	-17.50116488532213
0.58	560.034358248744	-17.53116488531897
0.59	554.4644677015346	-17.56116488531575
0.6	548.9499681316197	-17.59116488531246
0.61	543.4903216333616	-17.6211648853091
0.62	538.0849923886227	-17.65116488530568
0.63	532.7334329320966	-17.68116488530219
0.64	527.4350929296601	-17.71116488529862
0.65	522.1894289474008	-17.74116488529499
0.66	516.9959042045729	-17.77116488529128
0.67	511.8539950656087	-17.80116488528749
0.68	506.7632191919221	-17.83116488528363
0.69	501.7231107321673	-17.8611648852797
0.7	496.7332043697065	-17.89116488527568
0.71	491.7930358917629	-17.92116488527158
0.72	486.9021269014736	-17.9511648852674
0.73	482.0599395280514	-17.98116488526313
0.74	477.2659287942676	-18.01116488525878
0.75	472.5195603776687	-18.04116488525434
0.76	467.820310069276	-18.07116488524981
0.77	463.1676803204549	-18.10116488524518
0.78	458.561229628606	-18.13116488524047
0.79	454.0005278754258	-18.16116488523566
0.8	449.4851468660146	-18.19116488523075
0.81	445.0146604456917	-18.22116488522574
0.82	440.5886443390844	-18.25116488522063
0.83	436.2066760131944	-18.28116488521542
0.84	431.8683352891963	-18.3111648852101
0.85	427.573204500382	-18.34116488520468
0.86	423.3208685708655	-18.37116488519914
0.87	419.1109005203911	-18.4011648851935
0.88	414.9428577226358	-18.43116488518774
0.89	410.81630172499	-18.46116488518186
0.9	406.7308001843561	-18.49116488517586
0.91	402.6859268193824	-18.52116488516974
0.92	398.6812665080821	-18.5511648851635
0.93	394.7164146368519	-18.58116488515714
0.94	390.7909714039941	-18.61116488515064
0.95	386.9045413613487	-18.64116488514401
0.96	383.0567345913963	-18.67116488513725
0.97	379.2471852883347	-18.70116488513035
0.98	375.4755456427896	-18.73116488512331
0.99	371.7414688868245	-18.76116488511613
1	368.0446089520968	-18.79116488510881
1.01	364.3846156047907	-18.82116488510133
1.02	360.7610941132864	-18.85116488509371
1.03	357.1736272770031	-18.88116488508593
1.04	353.6218066807065	-18.91116488507799
1.05	350.1052323121613	-18.94116488506989
1.06	346.6235213435078	-18.97116488506163
1.07	343.1763543030029	-19.0011648850532
1.08	339.7634391951343	-19.0311648850446
1.09	336.3844820579685	-19.06116488503583
1.1	333.0391877878841	-19.09116488502688
1.11	329.7272509534385	-19.12116488501775
1.12	326.4483235192897	-19.15116488500843
1.13	323.2020482492914	-19.18116488499892
1.14	319.9880740935411	-19.21116488498922
1.15	316.8060556986009	-19.24116488497933
1.16	313.6556590339155	-19.27116488496923
1.17	310.5365743208983	-19.30116488495893
1.18	307.4484985805522	-19.33116488494843
1.19	304.3911311350803	-19.36116488493771
1.2	301.364173631131	-19.39116488492677
1.21	298.3673262253812	-19.42116488491561
1.22	295.4002828533183	-19.45116488490422
1.23	292.4627397219957	-19.48116488489261
1.24	289.5543966986091	-19.51116488488075
1.25	286.6749572239188	-19.54116488486866
1.26	283.8241380223116	-19.57116488485632
1.27	281.001674087017	-19.60116488484374
1.28	278.2073030481794	-19.63116488483089
1.29	275.4407633861821	-19.66116488481779
1.3	272.701794379867	-19.69116488480442
1.31	269.9901190295708	-19.72116488479078
1.32	267.3054434206869	-19.75116488477687
1.33	264.6474768101857	-19.78116488476267
1.34	262.0159332168904	-19.81116488474818
1.35	259.4105321258907	-19.8411648847334
1.36	256.8310178804719	-19.87116488471831
1.37	254.2771551826949	-19.90116488470292
1.38	251.7487099843047	-19.93116488468722
1.39	249.2454486902749	-19.9611648846712
1.4	246.767136401069	-19.99116488465485
1.41	244.313517504136	-20.02116488463818
1.42	241.8843243430434	-20.05116488462116
1.43	239.4792935593785	-20.08116488460379
1.44	237.0981661425181	-20.11116488458608
1.45	234.7406902747559	-20.141164884568
1.46	232.4066399322371	-20.17116488454956
1.47	230.0958024692624	-20.20116488453074
1.48	227.8079654479377	-20.23116488451154
1.49	225.5429168942961	-20.26116488449194
1.5	223.300441395092	-20.29116488447195
1.51	221.0803036395731	-20.32116488445155
1.52	218.8822632603851	-20.35116488443073
1.53	216.7060839677659	-20.38116488440948
1.54	214.5515332185056	-20.41116488438781
1.55	212.418386361425	-20.44116488436569
1.56	210.3064387622635	-20.47116488434313
1.57	208.2154914125808	-20.5011648843201
1.58	206.1453462419377	-20.5311648842966
1.59	204.0958061739196	-20.56116488427262
1.6	202.0666905058759	-20.59116488424815
1.61	200.0578610234933	-20.62116488422318
1.62	198.0691825435125	-20.65116488419769
1.63	196.100514998403	-20.68116488417169
1.64	194.1517139839515	-20.71116488414515
1.65	192.2225199335858	-20.74116488411806
1.66	190.3124626880692	-20.77116488409042
1.67	188.4210728301152	-20.80116488406222
1.68	186.547909905441	-20.83116488403343
1.688873478693691	184.9006466887779	-20.85778532008847
1.698873478693691	183.0611644950937	-20.88778532005855
1.708873478693691	181.2404758817396	-20.91778532002802
1.718873478693691	179.4393973116014	-20.94778531999687
1.728873478693691	177.6586772532229	-20.97778531996507
1.736695764746326	176.2805182899188	-21.00125217809764
1.745622083926971	174.7219586664931	-21.02803113561023
1.754930079036721	173.1138041009407	-21.05595512090827
1.76447262658316	171.4808144156963	-21.08458276351495
1.77420931883231	169.829181338871	-21.11379284022845
1.784116086715207	168.1621754512159	-21.14351314384189
1.786387396794057	167.7818071088634	-21.15032707407025
1.789112968888676	167.3260137890812	-21.15850379034424
1.792383655402218	166.7804599789215	-21.16831584987296
1.79630847921847	166.1279375526665	-21.18009032130731
1.801018267797971	165.3482104284968	-21.19421968702839
1.806670014093373	164.4176449251034	-21.21117492589345
1.813452109647856	163.3088987245437	-21.23152121253123
1.821590624313234	161.9907473980732	-21.25593675649611
1.83036666240208	160.5870982668507	-21.28226487072835
1.834891362108637	159.8714385732571	-21.29583896983007
1.840321001756506	159.0170067644407	-21.31212788875204
1.846836569333949	158.0000639989464	-21.33167459145811
1.854110513752405	156.875945388982	-21.35349642468368
1.861675583877074	155.7180647953307	-21.37619163502615
1.869440817566471	154.5384338047412	-21.39948733606145
1.877375073500803	153.3405784043659	-21.42329010383028
1.883623262705126	152.4033051074513	-21.44203467141585
1.891121089750314	151.2784392038036	-21.46452815251833
1.900118482204539	149.9361698637703	-21.4915203298406
1.910118482204539	148.4563133859962	-21.52152032979475
1.920118482204539	146.9909443218403	-21.55152032974787
1.930118482204539	145.5406903221589	-21.58152032970002
1.934230903559935	144.9481533173839	-21.5938575937463
1.93916580918641	144.2406867932252	-21.60866231060163
1.945087695938179	143.3967603895002	-21.6264279708277
1.952193960040303	142.3908943297636	-21.64774676309852
1.960721476962851	141.193057836271	-21.6733293138228
1.9702680091106	139.8638311199975	-21.70196891021652
1.980130385710937	138.5022513148717	-21.73155603996525
1.982988809136877	138.1093362165886	-21.74013131022773
1.986418917248006	137.6387194658742	-21.7504216345426
1.99053504698136	137.0757458762101	-21.76277002372027
1.995474402661385	136.4029329885734	-21.77758809073321
2.001401629477416	135.5998759547888	-21.79536977114839
2.008514301656652	134.6429982437106	-21.81670778764609
2.017049508271735	133.5054378710531	-21.84231340744259
2.025981863849571	132.330405864366	-21.86911047412407
2.03186694952883	131.565017922751	-21.88676573112704
2.03892905234394	130.6532040300692	-21.90795203953029
2.046985329571827	129.6249778573153	-21.93212087116515
2.05541812709277	128.5624158645551	-21.95741926367585
2.064107110906169	127.4792567989076	-21.98348621506134
2.073021109642803	126.3787485826826	-22.01022821121408
2.081802161303565	125.3051572628034	-22.0365713661389
2.091802161303565	124.0881043360622	-22.06657136607268
2.101802161303565	122.8860878284904	-22.09657136600464
2.111802161303565	121.6952573096693	-22.12657136593519
2.121802161303565	120.515841295792	-22.15657136586431
2.131802161303565	119.3480393101885	-22.18657136579197
2.141802161303565	118.1919489610731	-22.21657136571814
2.151802161303565	117.047433390527	-22.24657136564279
2.161802161303565	115.9143187869262	-22.2765713655659
2.171802161303565	114.7924373229702	-22.30657136548741
2.181802161303565	113.6816268441252	-22.33657136540731
2.191802161303565	112.5817217784062	-22.36657136532556
2.201802161303565	111.4925356572377	-22.39657136524212
2.211802161303565	110.4138849681715	-22.42657136515696
2.221802161303565	109.3455942849226	-22.45657136507006
2.231802161303565	108.2874957803051	-22.48657136498137
2.241802161303565	107.2394635546627	-22.51657136489087
2.251802161303565	106.2014872369602	-22.54657136479851
2.261802161303565	105.1735722115413	-22.57657136470426
2.271802161303565	104.1557153406642	-22.60657136460806
2.281802161303565	103.1479054415224	-22.63657136450988
2.291802161303565	102.1501480188939	-22.66657136440968
2.301802161303565	101.1625212857964	-22.6965713643074
2.311802161303565	100.1851039530062	-22.72657136420298
2.321802161303565	99.21795700158259	-22.75657136409637
2.331802161303565	98.26112468350185	-22.78657136398751
2.341802161303565	97.31456439359994	-22.81657136387635
2.351802161303565	96.37796553320929	-22.84657136376284
2.361802161303565	95.45097726311324	-22.87657136364696
2.371802161303565	94.53327248192774	-22.90657136352868
2.381802161303565	93.62454584753855	-22.93657136340795
2.390185239204576	92.87130826849069	-22.96172059700739
2.400185239204576	91.97349545061215	-22.99172059688346
2.410185239204576	91.08946222249609	-23.02172059675557
2.420185239204576	90.21406464957377	-23.05172059662504
2.430185239204576	89.34727550066497	-23.08172059649182
2.437483083354218	88.72243514717242	-23.10361412884106
2.446240496333788	87.97130431189947	-23.12988636766045
2.456240496333788	87.12285486199239	-23.15988636752118
2.466240496333788	86.28659109686968	-23.18988636737777
2.476240496333788	85.45854557331348	-23.21988636723138
2.486240496333788	84.63861937331185	-23.24988636708197
2.496240496333788	83.82672447807905	-23.27988636692947
2.506240496333788	83.02278692306166	-23.30988636677381
2.516240496333788	82.22673402794034	-23.33988636661493
2.526240496333788	81.43849302545857	-23.36988636645277
2.536240496333788	80.65799112498383	-23.39988636628725
2.546240496333788	79.88515001956366	-23.42988636611831
2.556240496333788	79.11988206168564	-23.45988636594587
2.566240496333788	78.36209996049947	-23.48988636576986
2.576240496333788	77.61171800972793	-23.51988636559021
2.586240496333788	76.86865203123203	-23.54988636540685
2.596240496333788	76.13282594261515	-23.57988636521968
2.606240496333788	75.40417920525741	-23.60988636502865
2.616240496333788	74.68265284072911	-23.63988636483367
2.626240496333788	73.9681872319543	-23.66988636463466
2.636240496333788	73.26072220275134	-23.69988636443154
2.646240496333788	72.56020157465178	-23.72988636422423
2.656240496333788	71.86658085674465	-23.75988636401264
2.666240496333788	71.17981586938452	-23.78988636379668
2.676240496333788	70.49986049828644	-23.81988636357626
2.686240496333788	69.82666685683275	-23.8498863633513
2.696240496333788	69.16017257758137	-23.87988636312168
2.706240496333788	68.50026902585671	-23.90988636288732
2.716240496333788	67.84684136097823	-23.93988636264812
2.726240496333788	67.19977954918234	-23.96988636240398
2.736240496333788	66.55897808599639	-23.99988636215479
2.74571885779903	65.95874253181346	-24.02832144630844
2.75571885779903	65.32846278370391	-24.05832144605026
2.76571885779903	64.70571819872642	-24.08832144578559
2.77571885779903	64.08902272305594	-24.11832144551544
2.78571885779903	63.47833722485377	-24.14832144523971
2.793617395755961	63.00191889678325	-24.17201705888714
2.803095641304278	62.42876542919227	-24.20045179526509
2.813095641304278	61.83286990746762	-24.23045179497488
2.823095641304278	61.24414090714846	-24.26045179467733
2.833095641304278	60.66109413580985	-24.29045179437363
2.843095641304278	60.0836559784224	-24.32045179406367
2.853095641304278	59.51176585723339	-24.35045179374731
2.863095641304278	58.94537575612743	-24.38045179342442
2.873095641304278	58.38443836121182	-24.41045179309487
2.883095641304278	57.8289061933233	-24.44045179275853
2.893095641304278	57.27873164913451	-24.47045179241526
2.903095641304278	56.73386626307517	-24.50045179206491
2.913095641304278	56.19426051605808	-24.53045179170734
2.923095641304278	55.65986493181412	-24.56045179134239
2.933095641304278	55.13063021375574	-24.5904517909699
2.943095641304278	54.60650728828693	-24.62045179058971
2.953095641304278	54.08742822963161	-24.65045179020167
2.963095641304278	53.57329006527372	-24.68045178980564
2.973095641304278	53.06399032911311	-24.71045178940149
2.983095641304278	52.55943178558275	-24.74045178898907
2.992150682704992	52.10873935047179	-24.76761691280693
3.002150682704992	51.61087643523723	-24.79761691238193
3.012150682704992	51.12018843648091	-24.82761691194439
3.022150682704992	50.63486846299964	-24.8576169114975
3.032150682704992	50.15524599626991	-24.88761691104085
3.042150682704992	49.68160745034828	-24.91761691057401
3.044772489363908	49.55890657863729	-24.92548233042573
3.047918657354608	49.41025382756314	-24.93492083425069
3.051694058943447	49.2326259175522	-24.94624703883936
3.056224540850054	49.02052537093098	-24.95983848434393
3.061661119137982	48.76746318488543	-24.97614821894674
3.068185013083496	48.46579352790357	-24.99571990046626
3.076013685818113	48.10652124878189	-25.01920591828406
3.085408093099653	47.67907457135301	-25.04738913965725
3.095408093099653	47.23113103142633	-25.07738913913877
3.105408093099653	46.78867235943981	-25.10738913860596
3.115408093099653	46.3500104604205	-25.13738913806237
3.125408093099653	45.91521911398429	-25.1673891375077
3.135408093099653	45.48436411846015	-25.19738913694166
3.145408093099653	45.05750348325347	-25.22738913636397
3.150620018450111	44.83763042393912	-25.24302491210684
3.156874328870661	44.5713517301818	-25.2617878430044
3.164379501375321	44.25390046215287	-25.2843033600754
3.173385708380912	43.87591467314665	-25.3113219805517
3.183385708380912	43.46159376268356	-25.34132197993513
3.193385708380912	43.05348158539768	-25.37132197929864
3.201074091577842	42.74295002152306	-25.39438712838888
3.210300151414158	42.36861208004211	-25.42206530730117
3.220300151414158	41.96851622065284	-25.45206530663505
3.230300151414158	41.57383412195145	-25.48206530594935
3.240300151414158	41.18273789689289	-25.51206530524959
3.250300151414158	40.79521139659891	-25.54206530453549
3.260300151414158	40.41123151764946	-25.57206530380675
3.270300151414158	40.03075802830446	-25.60206530306307
3.280300151414158	39.65374875559644	-25.63206530230417
3.290300151414158	39.2801627329926	-25.66206530152974
3.300300151414158	38.90996014552824	-25.69206530073946
3.310300151414158	38.54310398265578	-25.72206529993303
3.320300151414158	38.17956553418977	-25.75206529911011
3.330300151414158	37.81931855113131	-25.78206529827039
3.340300151414158	37.46233681619406	-25.81206529741352
3.350300151414158	37.10859418624955	-25.84206529653916
3.358136254822185	36.83488959936411	-25.86557360605946
3.367539578911819	36.50462554192816	-25.89378357749114
3.377539578911819	36.15845840526374	-25.92378357657319
3.387539578911819	35.81646025923204	-25.95378357563087
3.397539578911819	35.47749768059459	-25.98378357466936
3.406903121991367	35.16389986756313	-26.01187420298375
3.416903121991367	34.82964372774014	-26.04187420199007
3.426903121991367	34.49942487931227	-26.07187420096994
3.436903121991367	34.17217934544409	-26.10187419992906
3.446903121991367	33.84790704988324	-26.13187419886702
3.456903121991367	33.52660606268978	-26.1618741977834
3.466903121991367	33.20825632796602	-26.19187419667777
3.476903121991367	32.89280488574184	-26.22187419554969
3.486903121991367	32.58019710203255	-26.25187419439871
3.496903121991367	32.27038106680736	-26.28187419322437
3.506903121991367	31.96330742970044	-26.31187419202621
3.516903121991367	31.65893825315618	-26.34187419080375
3.526903121991367	31.35726227744353	-26.3718741895565
3.536903121991367	31.05827205830909	-26.40187418828398
3.546903121991367	30.76195921414012	-26.43187418698568
3.556903121991367	30.46831447178533	-26.4618741856611
3.566903121991367	30.1773242334775	-26.49187418430971
3.576903121991367	29.88896151357075	-26.52187418293097
3.586903121991367	29.60319696538841	-26.55187418152433
3.596903121991367	29.32000208982569	-26.58187418008922
3.606903121991367	29.03934919532297	-26.61187417862507
3.616903121991367	28.76121378179283	-26.64187417713129
3.626903121991367	28.48558272629483	-26.6718741756073
3.636903121991367	28.21244591193056	-26.70187417405252
3.646903121991367	27.94179247640897	-26.73187417246634
3.656903121991367	27.6736109155952	-26.76187417084816
3.664654852265321	27.46812162319726	-26.78512936038456
3.673956928594067	27.22114828141415	-26.8130355878306
3.683956928594067	26.95890141178333	-26.84303558613112
3.693956928594067	26.69966266246856	-26.87303558438902
3.703956928594067	26.44275084595515	-26.90303558261177
3.712737123690045	26.21869262577857	-26.92937616631503
3.722737123690045	25.96507774676484	-26.95937616448447
3.732737123690045	25.71473857317564	-26.98937616260244
3.742737123690045	25.46665832702574	-27.01937616068246
3.752737123690045	25.22082769025771	-27.04937615872378
3.762737123690045	24.97723673503184	-27.07937615672563
3.772737123690045	24.735870458101	-27.10937615468722
3.782737123690045	24.49670829259071	-27.13937615260776
3.792737123690045	24.25972956464708	-27.16937615048641
3.802737123690045	24.0249139858776	-27.19937614832234
3.812737123690045	23.7922416394699	-27.22937614611469
3.822737123690045	23.56169407740511	-27.25937614386257
3.832737123690045	23.33325450791997	-27.28937614156512
3.842737123690045	23.10690637528124	-27.3193761392214
3.852737123690045	22.88263321823131	-27.34937613683051
3.862737123690045	22.66041866834859	-27.3793761343915
3.872737123690045	22.44024613733268	-27.4093761319034
3.882737123690045	22.22209875282687	-27.43937612936522
3.892737123690045	22.00595975753161	-27.46937612677597
3.902737123690045	21.79181254543758	-27.49937612413462
3.912737123690045	21.5796406577093	-27.52937612144013
3.922737123690045	21.36942780212199	-27.55937611869142
3.932737123690045	21.1611578534288	-27.58937611588742
3.942737123690045	20.9548148202312	-27.61937611302701
3.952737123690045	20.75038283890302	-27.64937611010907
3.962737123690045	20.54784617022641	-27.67937610713245
3.972737123690045	20.34718912210323	-27.70937610409596
3.982737123690045	20.1483960387142	-27.73937610099841
3.992737123690045	19.95145138781847	-27.76937609783858
4.002737123690045	19.75633976593014	-27.79937609461521
4.012737123690045	19.56304589462464	-27.82937609132703
4.022737123690045	19.37155456292961	-27.85937608797274
4.032737123690045	19.18185062371331	-27.88937608455102
4.042737123690045	18.99391905286535	-27.91937608106052
4.052737123690045	18.80774495139297	-27.94937607749987
4.062737123690045	18.6233135445801	-27.97937607386766
4.072737123690045	18.44061027074063	-28.00937607016245
4.082737123690045	18.25962077015794	-28.03937606638277
4.092737123690045	18.08033078665835	-28.06937606252709
4.102737123690045	17.9027261595814	-28.09937605859389
4.112737123690045	17.72679280981581	-28.12937605458157
4.122737123690045	17.55251643481925	-28.15937605048857
4.132737123690045	17.37988256929337	-28.18937604631327
4.142737123690045	17.20887688012553	-28.21937604205405
4.152737123690045	17.039485177015	-28.24937603770922
4.162737123690045	16.87169342340785	-28.2793760332771
4.172737123690045	16.70548795249032	-28.30937602875593
4.182737123690045	16.5408553925617	-28.33937602414392
4.192737123690045	16.37778246597719	-28.36937601943922
4.202737123690045	16.21625598241224	-28.39937601463996
4.212737123690045	16.05626281922237	-28.42937600974425
4.222737123690045	15.89778973810456	-28.45937600475012
4.232737123690045	15.74082346814838	-28.48937599965559
4.242737123690045	15.58535085358802	-28.51937599445866
4.252737123690045	15.43135885253981	-28.54937598915724
4.262737123690045	15.27883453734665	-28.57937598374923
4.272737123690045	15.12776511110425	-28.60937597823251
4.282737123690045	14.97813789391582	-28.63937597260487
4.292737123690045	14.82994030730212	-28.66937596686411
4.302737123690045	14.68315987254554	-28.69937596100795
4.312737123690045	14.53778419677299	-28.72937595503408
4.322737123690045	14.39380091242117	-28.75937594894013
4.332737123690045	14.2511977224619	-28.78937594272369
4.342737123690045	14.1099624346153	-28.8193759363823
4.352737123690045	13.97008295864604	-28.84937592991345
4.362737123690045	13.83154734051774	-28.87937592331457
4.372737123690045	13.69434388577922	-28.90937591658303
4.382737123690045	13.55846103153638	-28.93937590971616
4.392737123690045	13.42388728617746	-28.9693759027112
4.402737123690045	13.29061123037564	-28.99937589556536
4.412737123690045	13.15862146005969	-29.02937588827579
4.422737123690045	13.02790645029172	-29.0593758808396
4.432737123690045	12.8984547288921	-29.08937587325381
4.442737123690045	12.77025492228899	-29.11937586551542
4.452737123690045	12.64329575370665	-29.14937585762136
4.462737123690045	12.5175661541593	-29.17937584956847
4.472737123690045	12.39305541456656	-29.20937584135358
4.482737123690045	12.26975292448722	-29.23937583297343
4.492737123690045	12.14764812572084	-29.2693758244247
4.502737123690045	12.02673051377025	-29.299375815704
4.512737123690045	11.90698930083004	-29.32937580680788
4.522737123690045	11.78841321514816	-29.35937579773281
4.532737123690045	11.67099106273605	-29.38937578847519
4.542737123690045	11.55471179331587	-29.41937577903134
4.552737123690045	11.43956450622163	-29.44937576939753
4.562737123690045	11.32553988671253	-29.47937575956986
4.572737123690045	11.21263029600424	-29.50937574954433
4.582737123690045	11.1008280641333	-29.53937573931681
4.592737123690045	10.99012535152942	-29.56937572888311
4.60156826236009	10.89328515105799	-29.59586913550127
4.61156826236009	10.78465852540382	-29.62586912466124
4.62156826236009	10.67706056346486	-29.65586911360973
4.63156826236009	10.57050647790594	-29.68586910233632
4.64156826236009	10.46497952660845	-29.71586909083699
4.64924826236009	10.38467300530886	-29.73890908183809
4.65846426236009	10.2891046843252	-29.76655707085595
4.66846426236009	10.18640378370534	-29.79655705871484
4.67846426236009	10.08481073504212	-29.82655704632738
4.68846426236009	9.984396163147397	-29.85655703367863
4.697924654214055	9.890485231758571	-29.88493819703455
4.707924654214055	9.792402967487175	-29.91493818386011
4.717924654214055	9.69546894581492	-29.94493817040116
4.727924654214055	9.599579802457187	-29.9749381566627
4.737924654214055	9.504662993655223	-30.00493814264333
4.747524654214055	9.414309824671313	-30.03373812894569
4.757524654214055	9.321121453938568	-30.06373811437597
4.767524654214055	9.22883453422166	-30.09373809950755
4.777524654214055	9.137437599854958	-30.12373808433923
4.787524654214055	9.046937263358935	-30.15373806886371
4.79698244743654	8.962111694033709	-30.18211143362731
4.80698244743654	8.873339663881608	-30.21211141754218
4.81698244743654	8.785477399118871	-30.2421114011212
4.82698244743654	8.698489088774756	-30.27211138436639
4.83698244743654	8.612362874828223	-30.30211136727127
4.846756863299176	8.529011152211564	-30.33143459781056
4.856756863299176	8.444548985737912	-30.36143458002652
4.866756863299176	8.360930828386896	-30.39143456187759
4.876756863299176	8.278140228393634	-30.42143454336022
4.886756863299176	8.196170071162671	-30.45143452446683
4.896756863299176	8.115013190158252	-30.48143450518967
4.906756863299176	8.034661991478607	-30.51143448552088
4.916756863299176	7.955108587924647	-30.54143446545243
4.926756863299176	7.876345146487235	-30.57143444497615
4.936756863299176	7.798363898347006	-30.6014344240837
4.946756863299176	7.721157149862382	-30.63143440276655
4.956756863299176	7.644717374448055	-30.66143438101608
4.966756863299176	7.569037165861765	-30.69143435882347
4.976756863299176	7.494109166427557	-30.72143433617976
4.986756863299176	7.419926068051067	-30.7514343130758
4.996756863299176	7.346480627708754	-30.78143428950224
5.006756863299176	7.273765752122395	-30.81143426544938
5.016756863299176	7.201774440755768	-30.8414342409073
5.026756863299176	7.130499730415811	-30.87143421586586
5.036756863299176	7.059934697819752	-30.90143419031471
5.046756863299176	6.990072447943263	-30.93143416424333
5.056756863299176	6.920906060045714	-30.96143413764115
5.066756863299176	6.852428638062373	-30.99143411049745
5.076756863299176	6.784633342434444	-31.02143408280129
5.086756863299176	6.717513389908029	-31.05143405454153
5.096756863299176	6.651062083245634	-31.08143402570673
5.106756863299176	6.585272902908217	-31.11143399628507
5.116756863299176	6.520139407162816	-31.14143396626443
5.126756863299176	6.45565519418921	-31.17143393563243
5.136756863299176	6.391813903870086	-31.20143390437647
5.146756863299176	6.328609230047616	-31.23143387248368
5.156756863299176	6.266034945854921	-31.26143383994102
5.166756863299176	6.204084872345086	-31.29143380673516
5.176756863299176	6.142752871467418	-31.32143377285255
5.186756863299176	6.082032847194264	-31.35143373827932
5.196756863299176	6.021918769093201	-31.38143370300132
5.206756863299176	5.962404704945273	-31.41143366700406
5.216756863299176	5.903484768775193	-31.44143363027274
5.226756863299176	5.845153112329515	-31.47143359279225
5.236756863299176	5.787403926312323	-31.5014335545472
5.246756863299176	5.730231427835298	-31.5314335155219
5.256756863299176	5.67362985030093	-31.5614334757004
5.266756863299176	5.617593469693906	-31.59143343506645
5.276756863299176	5.562116608727448	-31.62143339360347
5.286756863299176	5.507193637235679	-31.65143335129452
5.296756863299176	5.452819068255433	-31.68143330812223
5.306756863299176	5.398987592937139	-31.71143326406871
5.316756863299176	5.345693942524702	-31.74143321911566
5.326756863299176	5.292932874561871	-31.77143317324445
5.336756863299176	5.24069917439354	-31.80143312643604
5.346756863299176	5.188987634815848	-31.83143307867113
5.356756863299176	5.13779305624187	-31.86143302993014
5.366756863299176	5.087110273794083	-31.89143298019312
5.376756863299176	5.036934160512859	-31.9214329294397
5.386756863299176	4.987259629543829	-31.95143287764911
5.396756863299176	4.938081683414432	-31.98143282480004
5.406756863299176	4.889395408026174	-32.01143277087066
5.416756863299176	4.841195923446002	-32.04143271583867
5.426756863299176	4.793478381896055	-32.07143265968133
5.436756863299176	4.746237973271591	-32.10143260237544
5.446756863299176	4.699470004577664	-32.13143254389719
5.456756863299176	4.653169878730347	-32.16143248422219
5.466756863299176	4.607333022155267	-32.19143242332557
5.476756863299176	4.561954883735178	-32.22143236118193
5.486756863299176	4.517030934080521	-32.25143229776538
5.496756863299176	4.472556641094803	-32.28143223304972
5.506756863299176	4.428527481979593	-32.31143216700836
5.516756863299176	4.384938966446362	-32.3414320996142
5.526756863299176	4.341786637892067	-32.37143203083956
5.536756863299176	4.299066087597299	-32.40143196065618
5.546756863299176	4.256773064819703	-32.43143188903493
5.556756863299176	4.214903418731902	-32.46143181594589
5.566756863299176	4.173453014615104	-32.49143174135853
5.576756863299176	4.132417735628755	-32.52143166524168
5.586756863299176	4.091793485338392	-32.55143158756359
5.596756863299176	4.051576194809236	-32.58143150829186
5.606756863299176	4.011761820357766	-32.61143142739349
5.616756863299176	3.972346340969306	-32.6414313448348
5.626756863299176	3.933325759603331	-32.67143126058142
5.636756863299176	3.894696112574773	-32.70143117459829
5.646756863299176	3.856453512060427	-32.73143108684962
5.656756863299176	3.818594115147149	-32.76143099729889
5.666756863299176	3.781114098920604	-32.79143090590884
5.676756863299176	3.744009662266142	-32.82143081264144
5.686756863299176	3.707277040773775	-32.85143071745786
5.696756863299176	3.670912565297152	-32.8814306203182
5.706756863299176	3.634912612247331	-32.91143052118168
5.716756863299176	3.599273572810889	-32.94143042000668
5.726756863299176	3.563991855185316	-32.97143031675071
5.736756863299176	3.529063889130979	-33.00143021137051
5.746756863299176	3.49448613852527	-33.03143010382222
5.756756863299176	3.460255091411198	-33.06142999406118
5.766756863299176	3.426367255659498	-33.09142988204184
5.776756863299176	3.392819160227654	-33.12142976771771
5.786756863299176	3.359607384061675	-33.15142965104118
5.796756863299176	3.326728644149746	-33.18142953196297
5.806756863299176	3.294179701140488	-33.21142941043254
5.816756863299176	3.261957323686056	-33.24142928639833
5.826756863299176	3.230058290702333	-33.27142915980775
5.836756863299176	3.198479388602817	-33.30142903060725
5.846756863299176	3.167217400503737	-33.33142889874272
5.856756863299176	3.136269122321811	-33.36142876415906
5.866756863299176	3.105631368543089	-33.39142862680009
5.876756863299176	3.075300973288754	-33.42142848660844
5.886756863299176	3.045274815333131	-33.45142834352548
5.896756863299176	3.015549877535939	-33.48142819749101
5.906756863299176	2.986123173423105	-33.51142804844349
5.916756863299176	2.956991728025418	-33.54142789632015
5.926756863299176	2.928152579298835	-33.57142774105691
5.936756863299176	2.899602795247141	-33.60142758258835
5.946756863299176	2.871339509602084	-33.63142742084759
5.956756863299176	2.843359876867277	-33.66142725576632
5.966756863299176	2.815661062106176	-33.69142708727485
5.976756863299176	2.78824024234568	-33.72142691530207
5.986756863299176	2.761094617772811	-33.75142673977533
5.996756863299176	2.734221432844165	-33.78142656062024
6.006756863299176	2.707617949729578	-33.81142637776085
6.016756863299176	2.681281443008629	-33.84142619111966
6.026756863299176	2.655209200875332	-33.87142600061756
6.036756863299176	2.629398538600111	-33.90142580617399
6.046756863299176	2.603846823239263	-33.93142560770717
6.056756863299176	2.57855144089821	-33.96142540513376
6.066756863299176	2.553509790179862	-33.99142519836868
6.076756863299176	2.528719283290448	-34.02142498732515
6.086756863299176	2.504177374249369	-34.05142477191416
6.096756863299176	2.479881611393778	-34.08142455204368
6.106756863299176	2.455829564538425	-34.1114243276195
6.116756863299176	2.432018809676874	-34.14142409854551
6.126756863299176	2.408446930433486	-34.1714238647236
6.136756863299176	2.385111507633176	-34.201423626054
6.146756863299176	2.362010097556186	-34.231423382436
6.156756863299176	2.339140265485113	-34.26142313376701
6.166756863299176	2.316499594001259	-34.29142287994236
6.176756863299176	2.294085683630336	-34.32142262085523
6.186756863299176	2.271896191184934	-34.35142235639632
6.196756863299176	2.249928909254638	-34.38142208645319
6.206756863299176	2.228181659143712	-34.41142181091091
6.216756863299176	2.206652265926064	-34.44142152965217
6.226756863299176	2.185338559881449	-34.47142124255727
6.236756863299176	2.164238366027871	-34.50142094950406
6.246756863299176	2.143349477935014	-34.53142065036793
6.256756863299176	2.122669694373251	-34.56142034502175
6.266756863299176	2.102196829518298	-34.59142003333577
6.276756863299176	2.081928713579029	-34.62141971517756
6.286756863299176	2.061863211489844	-34.6514193904119
6.296756863299176	2.041998271943644	-34.68141905890042
6.306756863299176	2.022331869213061	-34.71141872050184
6.316756863299176	2.002861986430644	-34.74141837507195
6.326756863299176	1.983586616546029	-34.7714180224636
6.336756863299176	1.964503764293847	-34.80141766252667
6.346756863299176	1.945611450344796	-34.83141729510829
6.356756863299176	1.92690770836725	-34.86141692005255
6.366756863299176	1.908390584345953	-34.89141653720033
6.376756863299176	1.890058137261071	-34.92141614638924
6.386756863299176	1.871908447847418	-34.95141574745337
6.396756863299176	1.853939648521532	-34.98141534022255
6.406756863299176	1.836149895027556	-35.0114149245228
6.416756863299176	1.81853735265353	-35.04141450017657
6.426756863299176	1.801100197269207	-35.07141406700266
6.436756863299176	1.783836615826751	-35.10141362481618
6.446756863299176	1.76674480618996	-35.13141317342887
6.456756863299176	1.749822978382239	-35.16141271264879
6.466756863299176	1.733069355557925	-35.19141224227999
6.476756863299176	1.716482174455136	-35.22141176212255
6.486756863299176	1.70005969066477	-35.25141127197219
6.496756863299176	1.683800206085166	-35.28141077161924
6.506756863299176	1.667702050059459	-35.31141026084904
6.516756863299176	1.651763561925411	-35.34140973944249
6.526756863299176	1.635983091872805	-35.37140920717599
6.536756863299176	1.620358999576283	-35.40140866382158
6.546756863299176	1.604889640330261	-35.43140810914901
6.556756863299176	1.589573373487536	-35.46140754292472
6.566756863299176	1.574408573593578	-35.49140696491038
6.576756863299176	1.559393630539239	-35.52140637486279
6.586756863299176	1.544526953274024	-35.55140577253343
6.596756863299176	1.529807011185672	-35.58140515766484
6.606756863299176	1.515232317857005	-35.61140452999135
6.616756863299176	1.500801396020094	-35.64140388924173
6.626756863299176	1.486512777463718	-35.67140323513914
6.636756863299176	1.472365002303729	-35.70140256740111
6.646756863299176	1.458356592112076	-35.73140188574208
6.656756863299176	1.444486056248073	-35.76140118987303
6.666756863299176	1.430751918594632	-35.79140047949915
6.676756863299176	1.41715271883308	-35.82139975431955
6.686756863299176	1.403687012742755	-35.85139901402718
6.696756863299176	1.390353398731132	-35.88139825830751
6.706756863299176	1.377150518225593	-35.91139748683837
6.716756863299176	1.364077025608592	-35.94139669929088
6.726756863299176	1.351131585972218	-35.97139589532932
6.736756863299176	1.338312875366938	-36.00139507461107
6.746756863299176	1.325619581414508	-36.03139423678554
6.756756863299176	1.313050403678886	-36.06139338149331
6.766756863299176	1.300604053252272	-36.09139250836742
6.776756863299176	1.288279252844369	-36.12139161703329
6.786756863299176	1.276074736935273	-36.15139070710864
6.796756863299176	1.263989237208692	-36.18138977820398
6.806756863299176	1.252021465539732	-36.21138882992347
6.816756863299176	1.24017014535644	-36.24138786186336
6.826756863299176	1.228434016621289	-36.2713868736116
6.836756863299176	1.216811835595413	-36.30138586474762
6.846756863299176	1.205302417433534	-36.33138483484177
6.856756863299176	1.193904732849416	-36.36138378345408
6.866756863299176	1.182617781753967	-36.39138271013518
6.876756863299176	1.17144056118398	-36.42138161442641
6.886756863299176	1.160372066194313	-36.45138049585967
6.896756863299176	1.14941120472923	-36.48137935395753
6.906756863299176	1.138556482500852	-36.51137818822903
6.916756863299176	1.127806307674002	-36.54137699817455
6.926756863299176	1.117159146451915	-36.57137578328344
6.936756863299176	1.106613516992331	-36.60137454303452
6.942312987693871	1.100807379574968	-36.6180422136893
6.948980336967505	1.093806147436523	-36.63804342542035
6.956981156095866	1.08546443131311	-36.66204486451364
6.966582139049899	1.075540633214074	-36.69084656954958
6.976582139049899	1.065375922833824	-36.72084522985673
6.986582139049899	1.055335655514094	-36.75084385640508
6.993039086084825	1.048858779591211	-36.77021380853927
7.000787422526738	1.041126626526952	-36.79345773988446
7.010085426257032	1.03192448121089	-36.82135043489605
7.020085426257032	1.022168836288529	-36.85134897548154
7.030085426257032	1.012535137327989	-36.88134747423324
7.040085426257032	1.002979166677281	-36.91134594156703
7.043408686298231	0.9998262293231962	-36.92131520325514
7.04739659834767	0.9960126882943957	-36.9332783254452
7.052182092806997	0.9914530520492176	-36.94763406527345
7.05792468615819	0.986006015001664	-36.96486094322312
7.06481579817962	0.979505884664793	-36.9855331824958
7.073085132605337	0.9717596423895474	-37.01033984891948
7.083008333916198	0.9625443823623363	-37.04010781853639
7.093008333916198	0.953422898879483	-37.07010611123152
7.103008333916198	0.9443990470675683	-37.10010436667056
7.113008333916198	0.9354682137398452	-37.13010258535659
7.123008333916198	0.9266286910410952	-37.16010076651415
7.133008333916198	0.9178788405697117	-37.19009890935161
7.143008333916198	0.9092170893195137	-37.22009701306083
7.151276989005761	0.9021488835530919	-37.24490136781203
7.161199375113238	0.8936307770901558	-37.2746666064008
7.171199375113238	0.8852038617311536	-37.30466459742588
7.181199375113238	0.876860778874912	-37.33466254441198
7.191199375113238	0.8685957908902911	-37.364660448104
7.19828460575042	0.8627548992887905	-37.38591464364083
7.206786882515039	0.855770058234951	-37.41141966287395
7.216786882515039	0.8476353388745836	-37.44141748808599
7.226786882515039	0.8396479942566337	-37.47141523174293
7.236786882515039	0.8317417252840698	-37.50141292767299
7.246786882515039	0.8239178768250557	-37.53141057482768
7.256786882515039	0.8161768331013088	-37.56140817214762
7.266786882515039	0.8085159936974643	-37.59140571859501
7.276786882515039	0.8009322370249449	-37.62140321312112
7.286786882515039	0.7934226517988097	-37.65140065465548
7.296786882515039	0.785984518971024	-37.68139804210554
7.300837965618301	0.7830016718730377	-37.69355021011485
7.305699265342216	0.7793877237471766	-37.70813283379575
7.311532825010915	0.7750731345906518	-37.72563196536225
7.318533096613352	0.7699278303149562	-37.74663089875393
7.326933422536278	0.7638003231512604	-37.77182958317046
7.336933422536278	0.7565763534874901	-37.80182679940463
7.346933422536278	0.7494991771638148	-37.83182390147781
7.352331808240238	0.7456969281901908	-37.84801747892053
7.35880987108499	0.7411285562665487	-37.86744977628825
7.366583546498693	0.735686604268432	-37.89076850011881
7.375911956995136	0.7292122496362113	-37.91875092018255
7.385911956995136	0.722382878401585	-37.94874780572591
7.395911956995136	0.7156484140818885	-37.97874459794141
7.405511956995136	0.7091694652683155	-38.00754152176309
7.415511956995136	0.7025370423967168	-38.03753819783641
7.425511956995136	0.6959832216949744	-38.06753478627135
7.435511956995136	0.6894908297790002	-38.09753130221638
7.445511956995136	0.6830604010097785	-38.12752774404945
7.455511956995136	0.676692377389804	-38.15752411011077
7.465511956995136	0.6703866276781609	-38.18752039872031
7.475511956995136	0.6641419137099683	-38.21751660817052
7.485511956995136	0.6579569045623416	-38.24751273672241
7.495511956995136	0.6518303355965182	-38.27750878259977
7.505511956995136	0.645761004291098	-38.30750474398841
7.5153345288642	0.6398615091029238	-38.33696839900181
7.5253345288642	0.6338965116840979	-38.36696419695275
7.5353345288642	0.6279954487779014	-38.39695989508756
7.5453345288642	0.6221511665498073	-38.4269555009899
7.5553345288642	0.6163637866608528	-38.45695101259848
7.562236059571297	0.6124135590787062	-38.47765243474882
7.570517896419812	0.6076402304981836	-38.50249418513724
7.580456100638031	0.6019637583997344	-38.53230420006767
7.590456100638031	0.5963728270954541	-38.56229937141913
7.600456100638031	0.590839461469848	-38.59229443476936
7.610456100638031	0.5853605654202671	-38.62228939184003
7.620456100638031	0.5799355769650795	-38.6522842402835
7.630456100638031	0.5745639901110121	-38.68227897766377
7.640456100638031	0.5692453086838935	-38.71227360148351
7.650456100638031	0.5639790343609131	-38.74226810919095
7.660456100638031	0.5587646672196353	-38.77226249817865
7.665982812121731	0.5559135575751118	-38.78883946181468
7.672614865902171	0.5524585161395688	-38.80873188296118
7.680573330438699	0.5483428520176875	-38.83260272040639
7.690123487882532	0.5434480075839082	-38.86124762621306
7.700123487882532	0.5384233752797865	-38.89124156669788
7.710123487882532	0.5334700347829296	-38.92123533409068
7.718220544033537	0.5294427429229705	-38.94552149220357
7.727937011414741	0.5246553766513785	-38.97466477154259
7.737937011414741	0.519835581126216	-39.00465819280102
7.747937011414741	0.5150757217026971	-39.03465144086521
7.757937011414741	0.5103619495720836	-39.06464454233641
7.767937011414741	0.5056924240917413	-39.0946374939419
7.777937011414741	0.5010659060664673	-39.12463029232402
7.787937011414741	0.496482934829085	-39.15462293400607
7.797937011414741	0.4919443505222088	-39.18461541542374
7.807937011414741	0.4874508871545778	-39.21460773293369
7.817937011414741	0.4830031762171112	-39.24459988281178
7.824187989432335	0.4802592861170398	-39.26334777950845
7.831689163053448	0.4769238956640211	-39.28584539327201
7.840690571398783	0.4729557882420888	-39.3128424089248
7.850690571398783	0.4686187243026061	-39.3428341415642
7.860690571398783	0.4643687669624922	-39.37282554254032
7.870690571398783	0.4601638431074179	-39.40281675571715
7.876643280079506	0.4576682665295956	-39.42066961487859
7.883786530496375	0.4546604560386598	-39.44209309407779
7.892358430996617	0.4510800134780007	-39.46780114644883
7.902358430996617	0.44695168074958	-39.49779200652668
7.912358430996617	0.4429231769575906	-39.52778240774096
7.922358430996617	0.4389320303178533	-39.5577725987141
7.930793060082473	0.4355391128128695	-39.58306830010334
7.940793060082473	0.4315501142776303	-39.61305840469542
7.950793060082473	0.4276615826156591	-39.64304798326426
7.960793060082473	0.4238094392240095	-39.67303733260836
7.970793060082473	0.4199941339506326	-39.7030264473885
7.980793060082473	0.4162160518602188	-39.73301532214379
7.990793060082473	0.4124752821335426	-39.76300395128586
8.000793060082473	0.4087709340964413	-39.79299232902729
8.010793060082473	0.405101916203206	-39.82298044945984
8.020793060082473	0.4014671994097881	-39.85296830653097
8.030793060082473	0.3978658112942009	-39.88295589404865
8.03779016065481	0.3953418567163	-39.90393849812419
8.046186681341615	0.3923079515930975	-39.9291176241802
8.056186681341615	0.3887288957396667	-39.95910493529647
8.066186681341615	0.3852478367155907	-39.98909153782453
8.076186681341615	0.3818031485855691	-40.01907784198094
8.086186681341615	0.3783959090156298	-40.04906384098622
8.090801829659634	0.3768563373472904	-40.06290256651922
8.096340007641256	0.3749585042860956	-40.07950941693152
8.102985821219203	0.372696113405646	-40.09943752093063
8.110960797512739	0.3700021606018652	-40.12335107437949
8.120530769064982	0.3667983960923562	-40.1520470854456
8.130530769064982	0.3635328266779779	-40.18203182359869
8.140530769064982	0.3603153164989202	-40.21201606925181
8.145272793887254	0.3588148634628402	-40.22623441355306
8.150963223673982	0.3569670240595445	-40.2432968277678
8.157791739418054	0.354762441104249	-40.26377158109299
8.165985958310941	0.3521355388808635	-40.28834107557053
8.175819020982406	0.3490102364389339	-40.31782416279746
8.185819020982406	0.3459210058882777	-40.3478068416555
8.195819020982406	0.3428686065208287	-40.3777890628428
8.203359159794085	0.3406177486213856	-40.40039547977114
8.212407326368099	0.3378437842571261	-40.42752391710494
8.222407326368099	0.3348363025864528	-40.45750548498155
8.232407326368099	0.3318984794610911	-40.48748620475978
8.242407326368099	0.3289927424342648	-40.51746648609954
8.252407326368099	0.3261193826586606	-40.54744631821021
8.261844951231676	0.3234602234193501	-40.57573943953503
8.271844951231676	0.3206254292823037	-40.60571867025946
8.281844951231676	0.3178439189956643	-40.63569711772856
8.291844951231676	0.3150911599261973	-40.66567507364676
8.301844951231676	0.3123659948266638	-40.69565252690312
8.311227899606439	0.3098584769171392	-40.72377936445736
8.321227899606439	0.3071586032821166	-40.75375619822817
8.331227899606439	0.3045103136336489	-40.78373210575532
8.341227899606439	0.3018881895125088	-40.81370746131175
8.351227899606439	0.2992923358491122	-40.8436822510459
8.361227899606439	0.2967228271869474	-40.87365646076044
8.367803263832152	0.2950403940854851	-40.89336540388133
8.375693700903008	0.292990995844249	-40.91701663955855
8.385162225388034	0.290553023489599	-40.94539767122922
8.395162225388034	0.2880492954737689	-40.97537028617915
8.405162225388034	0.2855910759952147	-41.0053418371584
8.415162225388034	0.2831554862420259	-41.03531272964576
8.424762225388034	0.2807731637622815	-41.06408554791498
8.434762225388034	0.2783660547823215	-41.09405549428924
8.444762225388034	0.2760022023120917	-41.12402438022414
8.454762225388034	0.2736687567181434	-41.15399254066634
8.464762225388034	0.27136884379506	-41.18395995688432
8.474762225388034	0.2691051559413847	-41.21392660972125
8.480906225388034	0.267686359370317	-41.23233896765562
8.488279025388034	0.2660021596021021	-41.25443348726035
8.497126385388034	0.2640047352801643	-41.28094646060237
8.506553580425147	0.2619494934352574	-41.30919509295878
8.516372888395104	0.2598432813751268	-41.3386176554803
8.526372888395104	0.257730545222	-41.36858051464117
8.536372888395104	0.2556446092064028	-41.39854225569495
8.539476969252447	0.2550146641836618	-41.40784198644904
8.54320186628126	0.2542137871503885	-41.41900304673673
8.547671742715836	0.25325569396486	-41.4323961731559
8.553035594437326	0.2521102706423999	-41.44846771236773
8.559472216503115	0.2507419833764891	-41.46775324930623
8.567196162982061	0.2491090712515055	-41.49089543981805
8.576464898756796	0.2471627055577131	-41.51866540217603
8.586464898756796	0.2451211578485007	-41.54862393106171
8.596464898756796	0.2431285214801741	-41.57858028856449
8.606464898756796	0.2411520254925878	-41.60853562075399
8.616464898756796	0.2391927674664195	-41.6384899024894
8.626464898756796	0.2372518912561046	-41.66844310858869
8.636464898756796	0.2353304496046169	-41.69839521325646
8.646464898756796	0.2334294015201059	-41.72834619006196
8.656464898756796	0.2315496113835831	-41.75829601189585
8.666464898756796	0.2296914874135494	-41.78824465110211
8.676464898756796	0.2278543357506061	-41.81819207943679
8.686464898756796	0.2260373120718555	-41.84813826801288
8.696464898756796	0.2242396237405253	-41.8780831872303
8.706464898756796	0.2224605250283302	-41.90802680675893
8.716464898756796	0.2206993128927688	-41.93796909552169
8.726464898756796	0.2189551664728623	-41.96791002109358
8.736464898756796	0.2172266970645464	-41.99784954787935
8.746464898756796	0.2155124447471347	-42.02778763871434
8.756464898756796	0.2138110256254942	-42.05772425538791
8.766464898756796	0.2121211197587012	-42.08765935860894
8.776464898756796	0.2104414605711026	-42.11759290797735
8.779437736534434	0.2099418229063147	-42.12649150015356
8.7830051418676	0.209320625128597	-42.13717114923003
8.787286028267399	0.2085772241872702	-42.14998648382475
8.792423091947158	0.2076883808393257	-42.16536453604447
8.798587568362869	0.2066269456912733	-42.18381770024216
8.805984940061721	0.2053615348513052	-42.20596078768691
8.814861786100345	0.2038564126144435	-42.23253148570319
8.824861786100345	0.2022035971506801	-42.26246100301043
8.834861786100345	0.2006229362483056	-42.29238512540333
8.83979951679538	0.1998325467979952	-42.30716172625861
8.845724793629423	0.1988713453341087	-42.32489486989129
8.852835125830274	0.1977294833184091	-42.34617402069266
8.861367524471295	0.1963757593005906	-42.37170810368053
8.871367524471295	0.1948213096127741	-42.40163202077686
8.881367524471295	0.1933625889964052	-42.4315477322774
8.891367524471295	0.1919282182491594	-42.46146141922128
8.901367524471295	0.1905178025689379	-42.49137303757226
8.911367524471295	0.1891306108512464	-42.52128254317995
8.921367524471295	0.1877649794011578	-42.55118989302863
8.931367524471295	0.1864192221216268	-42.58109504364208
8.941367524471295	0.1850918049548098	-42.61099795065956
8.951367524471295	0.183781322406381	-42.64089856886839
8.961367524471295	0.1824864780987921	-42.670796852237
8.969043129374965	0.181530604436688	-42.69374029666006
8.978253855259368	0.1802776999437534	-42.72128607653793
8.988253855259368	0.1789808692715955	-42.7511840424399
8.998253855259368	0.1777460058230856	-42.78107363654837
9.008253855259368	0.1765314624912503	-42.81096069480037
9.018253855259368	0.1753389146074358	-42.84084517282117
9.028253855259368	0.174169762349363	-42.8707270256783
9.038253855259368	0.1730251361322187	-42.90060620804136
9.040517806239274	0.1727739918723309	-42.9073695490353
9.043234547415162	0.1724415007511717	-42.91549113863171
9.046494636826227	0.1720447502722328	-42.92523693429224
9.050406744119505	0.1715716654083855	-42.93693171775357
9.055101272871439	0.171007963955773	-42.95096519327221
9.060734707373759	0.1703367227697425	-42.96780495133698
9.067494828776543	0.1695378083202277	-42.98801201114411
9.075606974459885	0.1685870871885175	-43.01225944711107
9.085341549279894	0.1674552585531874	-43.04135469679397
9.095341549279894	0.1663855383647612	-43.07122323748404
9.105341549279894	0.1653340750826806	-43.10108550312471
9.114451628659759	0.1643096992129359	-43.1283018368719
9.124451628659759	0.1632026283869355	-43.15816999243364
9.134451628659759	0.1621453134898177	-43.18802393541198
9.144451628659759	0.1610884034562425	-43.21787470586781
9.154451628659759	0.1600337659050986	-43.24772224147976
9.164451628659759	0.1589833071866062	-43.27756647877289
9.174451628659759	0.1579389366615475	-43.3074073530725
9.184451628659759	0.1569025308498462	-43.3372447985194
9.187735634814836	0.1565783676651574	-43.34703894312907
9.191676442200929	0.1561384597076587	-43.35880526674165
9.196405411064241	0.1556126722014073	-43.37292438015657
9.202080173700214	0.154984644930603	-43.38986662074827
9.208889888863383	0.1542350293082594	-43.41019628733351
9.217061547059185	0.1533409643724511	-43.43459037865268
9.226867536894147	0.1522754457860939	-43.46386104989853
9.236867536894147	0.1512736342918614	-43.49368484864236
9.246867536894147	0.1502877433684717	-43.52350186301323
9.256867536894147	0.1493068449306794	-43.55331504636457
9.266867536894147	0.1483302668115158	-43.58312433524091
9.276867536894147	0.1473573973807031	-43.61292966268794
9.286867536894147	0.1463876352925405	-43.64273096048349
9.296867536894147	0.1454203745529903	-43.67252815974509
9.306867536894147	0.1444550012171099	-43.70232119094634
9.316867536894147	0.1434908899772279	-43.73210998394296
9.326867536894147	0.1425274005898864	-43.76189446801107
9.331551047489942	0.1420963780618433	-43.77583474131741
9.337171260204895	0.1415125231113624	-43.79258768225775
9.343915515462839	0.1408127647630786	-43.81268959601703
9.352008621772371	0.1399745533959499	-43.83680956861484
9.36172034934381	0.1389712983428765	-43.86575019678703
9.37172034934381	0.1379999842081897	-43.89552148694095
9.38172034934381	0.1370436823520909	-43.92528304937879
9.39172034934381	0.136090904149871	-43.95503983834426
9.400468696196597	0.1352305148331389	-43.9810819649288
9.410468696196597	0.1342356095014707	-44.0108532978303
9.420468696196597	0.1332934755118722	-44.0405967303322
9.430468696196597	0.1323522802344449	-44.07033505238488
9.440468696196597	0.131410366641317	-44.100068162928
9.450468696196597	0.1304660108086634	-44.12979595767555
9.460468696196597	0.1295173910836042	-44.15951832894572
9.46710078104242	0.1288775655928091	-44.1792312790314
9.475027244578967	0.1280764378079411	-44.20280585873946
9.483238985592761	0.127278476750343	-44.22720748431494
9.491716746039029	0.1264559651722143	-44.25239517459648
9.500585083192535	0.12559542299649	-44.27874090926236
9.510051348439423	0.1246783712539052	-44.3068614281275
9.520051348439423	0.123724099002981	-44.33656073553914
9.529651348439423	0.1227882451486164	-44.36508865947152
9.536279422195221	0.1221892404975608	-44.38475893497471
9.543183570347455	0.1215600897038296	-44.40525317809654
9.550393765540276	0.1209074621531157	-44.42665334488672
9.557882475280916	0.1202341325734074	-44.44887602335488
9.565587169617323	0.1195447084917308	-44.47173447319562
9.573404958881871	0.1188469710057137	-44.49492230614077
9.58119740739563	0.1181512875286072	-44.51802817565267
9.588815721524381	0.1174681784664324	-44.5406110085335
9.595210111676129	0.1168762512548877	-44.55957066751529
9.601970752134186	0.1162409730447706	-44.57961383448217
9.608789441297122	0.1155994281636119	-44.59982080337947
9.61565481818284	0.1149472016831116	-44.62016260507016
9.622611208704255	0.1142805564939779	-44.64077118573815
9.629725298424955	0.1135945451529989	-44.66184409910765
9.63709155715743	0.1128817616790814	-44.6836611018399
9.644854092127556	0.1121301767571842	-44.70664900602655
9.652306125698876	0.1113988086183039	-44.72872417438801
9.66124856598446	0.1105291050195531	-44.75520960482682
9.67124856598446	0.1095762385708921	-44.78481250298324
9.68124856598446	0.1086492275075291	-44.8143932183121
9.69124856598446	0.1077289232447167	-44.84396567713852
9.70124856598446	0.1068138641823904	-44.87352973033438
9.709802567218208	0.1060345292876187	-44.89881176149231
9.719802567218208	0.1051050577644684	-44.92837933935494
9.729802567218208	0.1042000584754455	-44.95791892725414
9.739802567218208	0.1032990695065406	-44.98744949003742
9.749802567218208	0.1024026067289302	-45.0169708521874
9.759802567218208	0.1015111697014833	-45.04648283485061
9.767858488489314	0.1007815344180539	-45.07026684775098
9.777525594014642	0.09991004839823408	-45.09880112658406
9.787525594014642	0.09903046454626806	-45.12829126880222
9.797525594014642	0.09816042617376857	-45.15776709678028
9.807525594014642	0.09729595199483177	-45.18723268203764
9.817525594014642	0.09643699996688049	-45.216687833273
9.824888992947136	0.09581656965257545	-45.23835957595585
9.833725071666129	0.09505047393381167	-45.2643894688553
9.843725071666129	0.0941943884936935	-45.2938315931798
9.853725071666129	0.09335578685157392	-45.32324773963175
9.863725071666129	0.09252295882550266	-45.35265248488269
9.873725071666129	0.09169597909126991	-45.38204560341763
9.883725071666129	0.09087490933407483	-45.41142686862861
9.893725071666129	0.09005977680392297	-45.44079606153894
9.903725071666129	0.08925059887080893	-45.4701529625633
9.913725071666129	0.08844739055270017	-45.49949734878987
9.923725071666129	0.08765016454746539	-45.52882899395428
9.933725071666129	0.08685893198596399	-45.55814766799073
9.943725071666129	0.08607371152111735	-45.58745313191095
9.953725071666129	0.08529452631339024	-45.61674513863848
9.963725071666129	0.08452139635188357	-45.64602343713914
9.973725071666129	0.08375433835940757	-45.67528777246367
9.983725071666129	0.0829933658697433	-45.70453788568061
9.993725071666129	0.08223848722284588	-45.73377351240739
10.00372507166613	0.08148970402718757	-45.76299438094412
10.01372507166613	0.08074701490176338	-45.79220021508325
10.02372507166613	0.08001041605264099	-45.82139073442031
10.03372507166613	0.0792799013534666	-45.85056565434175
10.04372507166613	0.07855546261482317	-45.87972468798229
10.05372507166613	0.07783709035652541	-45.90886755465506
10.06372507166613	0.07712477324083936	-45.9379939731541
10.07372507166613	0.07641849782244045	-45.96710365859867
10.08372507166613	0.07571824864211405	-45.99619632240959
10.09372507166613	0.07502400835302602	-46.0252716718883
10.10372507166613	0.07433575829877278	-46.0543294046529
10.11372507166613	0.07365347842321236	-46.08336920988101
10.12372507166613	0.07297714693346124	-46.11239077258277
10.13372507166613	0.07230674037735871	-46.14139377370895
10.14372507166613	0.07164223372577697	-46.17037789023039
10.15372507166613	0.07098360266913632	-46.19934279273295
10.16372507166613	0.07033082453291449	-46.22828814471574
10.17372507166613	0.06968387521605682	-46.25721360510037
10.18372507166613	0.06904272893483826	-46.28611882864087
10.19372507166613	0.06840735831818703	-46.31500346594442
10.20372507166613	0.06777773392952134	-46.34386716464978
10.21372507166613	0.06715382299053787	-46.37270957245278
10.22372507166613	0.06653559118201849	-46.40153033405147
10.23372507166613	0.06592300318641744	-46.43032909028298
10.24372507166613	0.06531602275980085	-46.45910547815908
10.25372507166613	0.06471461287549458	-46.48785913200549
10.26372507166613	0.06411873624697412	-46.51658969189245
10.27372507166613	0.06352835509754991	-46.54529679907381
10.28372507166613	0.06294343091184452	-46.573980091612
10.29372507166613	0.06236392450284154	-46.60263920437537
10.30372507166613	0.06178979616732922	-46.63127376849506
10.31372507166613	0.06122100872231955	-46.65988339351998
10.32372507166613	0.0606575271367288	-46.68846766728888
10.33372507166613	0.06009931560262523	-46.71702617277878
10.34372507166613	0.059546337434431	-46.74555848915727
10.35372507166613	0.05899855514429206	-46.774064191884
10.36372507166613	0.05845592916930073	-46.80254286516461
10.37372507166613	0.05791841664807915	-46.83099411631492
10.38372507166613	0.05738597409741491	-46.8594175535939
10.39372507166613	0.05685855784680186	-46.8878127828716
10.40372507166613	0.05633612407800038	-46.91617940773114
10.41372507166613	0.05581862953482786	-46.94451702606038
10.42372507166613	0.05530603391365658	-46.97282521718886
10.43372507166613	0.05479829756431282	-47.00110355245566
10.44372507166613	0.05429538042351593	-47.0293516009413
10.45372507166613	0.05379724208701968	-47.05756892946797
10.46372507166613	0.05330384156115955	-47.08575510416236
10.47372507166613	0.05281513417026234	-47.1139097057064
10.48372507166613	0.05233107291673139	-47.14203232545828
10.49372507166613	0.05185161111635985	-47.17012255380848
10.50372507166613	0.05137670244116674	-47.19817998022053
10.51372507166613	0.05090630092724021	-47.22620419352302
10.52372507166613	0.05044036433756799	-47.25419476184183
10.53372507166613	0.04997885512254604	-47.2821512251709
10.54372507166613	0.04952173590737346	-47.31007311942556
10.55372507166613	0.04906896905227638	-47.33795997945403
10.56372507166613	0.04862051669498563	-47.36581133922434
10.57372507166613	0.04817633933989148	-47.39362674471438
10.58372507166613	0.04773639227639391	-47.42140578828343
10.59372507166613	0.04730063007802605	-47.44914807378372
10.60372507166613	0.04686900786476443	-47.47685320623772
10.61372507166613	0.04644148129848705	-47.50452079204064
10.62372507166613	0.04601800670668699	-47.53215043691223
10.63372507166613	0.04559854206126652	-47.55974172715342
10.64372507166613	0.04518304643749983	-47.58729423789269
10.65372507166613	0.0447714792755982	-47.61480754581656
10.66372507166613	0.04436380038687889	-47.64228122942882
10.67372507166613	0.04395996995904729	-47.66971486911681
10.68372507166613	0.04355994906476794	-47.69710803520705
10.69372507166613	0.04316369973628955	-47.72446028408529
10.70372507166613	0.04277118434966678	-47.75177117310708
10.71372507166613	0.04238236557225729	-47.77904026214377
10.72372507166613	0.04199720636913117	-47.80626711383058
10.73372507166613	0.04161566853035152	-47.83345131989548
10.74372507166613	0.0412377091098022	-47.86059256914086
10.75372507166613	0.04086328488573891	-47.88769057656471
10.76372507166613	0.04049235355547299	-47.91474506296505
10.77372507166613	0.04012487370323837	-47.94175575516518
10.78372507166613	0.03976080510129955	-47.96872237604842
10.79372507166613	0.03940011146260871	-47.99564455067013
10.80372507166613	0.03904275901172266	-48.02252184358529
10.81372507166613	0.03868871432179239	-48.04935382331304
10.82372507166613	0.03833794431106717	-48.07614006310456
10.83372507166613	0.0379904162428978	-48.10288014149247
10.84372507166613	0.03764609565956531	-48.12957369781783
10.85372507166613	0.03730494572768191	-48.15622045930321
10.86372507166613	0.03696693005875585	-48.18282016845385
10.87372507166613	0.03663201299174983	-48.20937257553393
10.88372507166613	0.03630015956881151	-48.23587743877026
10.89372507166613	0.03597133507353493	-48.26233451810527
10.90372507166613	0.03564550365872119	-48.28874355291051
10.91372507166613	0.03532262978714999	-48.31510428331559
10.92372507166613	0.03500267875061892	-48.34141645761785
10.93372507166613	0.03468561663308591	-48.3676798325894
10.94372507166613	0.03437141035828465	-48.39389417430315
10.95372507166613	0.03406002861503382	-48.42005926798848
10.96372507166613	0.03375144148682305	-48.44617491537144
10.97372507166613	0.0334456196110501	-48.47224092778522
10.98372507166613	0.03314253414574623	-48.49825712607573
10.99372507166613	0.03284215675585913	-48.52422334024827
11.00372507166613	0.03254445775978228	-48.55013940536663
11.01372507166613	0.03224940475374357	-48.57600515325675
11.02372507166613	0.03195696579127337	-48.60182042474876
11.03372507166613	0.03166710977554031	-48.62758507070022
11.04372507166613	0.03137980642427345	-48.65329895211184
11.05372507166613	0.03109502654898181	-48.67896194563399
11.06372507166613	0.03081274325122464	-48.704573971539
11.07372507166613	0.03053293078891367	-48.73013497046265
11.08372507166613	0.03025556391920353	-48.75564489424397
11.09372507166613	0.02998061789455747	-48.78110370553805
11.10372507166613	0.02970806830599991	-48.80651137608544
11.11372507166613	0.02943788846280986	-48.83186786256074
11.12372507166613	0.02917005000310122	-48.85717310768769
11.13372507166613	0.02890452529183297	-48.88242706435343
11.14372507166613	0.02864128748182324	-48.90762969613961
11.15372507166613	0.02838031047993591	-48.93278097754691
11.16372507166613	0.02812156937412703	-48.95788091212254
11.17372507166613	0.02786504085601673	-48.98292955486549
11.18372507166613	0.02761070230326856	-49.00792697676361
11.19372507166613	0.02735853162324894	-49.03287325956401
11.20372507166613	0.02710850723248497	-49.05776849568692
11.21372507166613	0.02686060771300184	-49.08261278905539
11.22372507166613	0.02661481049774783	-49.10740625391247
11.23372507166613	0.02637109299891877	-49.13214901729829
11.24372507166613	0.0261294332625345	-49.15684121587036
11.25372507166613	0.02588980992784345	-49.18148299638138
11.26372507166613	0.02565220215852599	-49.20607451308537
11.27372507166613	0.02541658898900532	-49.23061589116366
11.28372507166613	0.02518294949846061	-49.25510723469582
11.29372507166613	0.02495126334403772	-49.27954865656553
11.30372507166613	0.02472151075113788	-49.30394027922936
11.31372507166613	0.02449367248888965	-49.32828223556219
11.32372507166613	0.02426773048770256	-49.35257470352547
11.33372507166613	0.02404366810358009	-49.37681793311342
11.34372507166613	0.02382146915638011	-49.40101218828575
11.35372507166613	0.02360111780638341	-49.4251577413217
11.36372507166613	0.02338259854084627	-49.44925487255469
11.37372507166613	0.0231658956491918	-49.47330383974936
11.38372507166613	0.02295099203831572	-49.49730480417512
11.39372507166613	0.02273787070610672	-49.52125791311148
11.40372507166613	0.02252651511196426	-49.54516332220228
11.41372507166613	0.02231690915715387	-49.56902119534989
11.42372507166613	0.02210903706133195	-49.59283173023779
11.43372507166613	0.02190288281937637	-49.61659530454564
11.44372507166613	0.02169843057511073	-49.64031237613655
11.45372507166613	0.02149566492357875	-49.66398340756711
11.46372507166613	0.02129457088529039	-49.68760886584973
11.47372507166613	0.02109513402765755	-49.71118920585479
11.48372507166613	0.02089734208384997	-49.73472467060242
11.49372507166613	0.02070118432383865	-49.75821535055859
11.50372507166613	0.02050665015870621	-49.78166134109178
11.51372507166613	0.02031372911067875	-49.80506274570268
11.52372507166613	0.02012241077587475	-49.82841968028271
11.53372507166613	0.01993268317067353	-49.85173244574541
11.54372507166613	0.01974453280441133	-49.87500153878679
11.55372507166613	0.01955794641693289	-49.89822747039551
11.56372507166613	0.01937291109022087	-49.92141075309914
11.57372507166613	0.01918941423170181	-49.94455190047331
11.58372507166613	0.01900744428787853	-49.96765135959306
11.59372507166613	0.01882699104359123	-49.99070947467107
11.60372507166613	0.01864804454142869	-50.01372658243847
11.61372507166613	0.01847059495160171	-50.03670302289907
11.62372507166613	0.01829463256475515	-50.05963913908493
11.63372507166613	0.0181201481384319	-50.08253522924894
11.64372507166613	0.01794713326379583	-50.10539149093352
11.65372507166613	0.01777557965071997	-50.12820811323923
11.66372507166613	0.01760547901471802	-50.15098529141594
11.67372507166613	0.01743682307567004	-50.17372322685989
11.68372507166613	0.01726960311315561	-50.19642221068809
11.69372507166613	0.01710380923105849	-50.21908277133068
11.70372507166613	0.01693943145616078	-50.24170547596538
11.71372507166613	0.01677645995693655	-50.26429088855379
11.72372507166613	0.01661488503583109	-50.2868395695435
11.73372507166613	0.0164546976582911	-50.30935200721189
11.74372507166613	0.01629589058643234	-50.33182846497646
11.75372507166613	0.01613845685852025	-50.35426916448032
11.76372507166613	0.01598238941633639	-50.37667433215363
11.77372507166613	0.01582768110839451	-50.39904419916433
11.78372507166613	0.01567432449799542	-50.42137903881371
11.79372507166613	0.01552231140008348	-50.44367925983835
11.80372507166613	0.01537163347141492	-50.46594529939739
11.81372507166613	0.01522228237019787	-50.48817759294813
11.82372507166613	0.01507424975546653	-50.51037657407673
11.83372507166613	0.01492752744061349	-50.53254264498143
11.84372507166613	0.01478210776398315	-50.55467610264431
11.85372507166613	0.01463798312240184	-50.57677722309922
11.86372507166613	0.01449514584599988	-50.5988462851331
11.87372507166613	0.01435358820119722	-50.62088357020734
11.88372507166613	0.01421330267630915	-50.6428893894794
11.89372507166613	0.0140742826062322	-50.66486414638062
11.90372507166613	0.01393652135763214	-50.68680826135398
11.91372507166613	0.0138000121290141	-50.70872215214062
11.92372507166613	0.01366474795973103	-50.73060623357564
11.93372507166613	0.01353072141283892	-50.75246088144744
11.94372507166613	0.01339792398892235	-50.77428636202678
11.95372507166613	0.01326634699338902	-50.79608292410928
11.96372507166613	0.01313598172819312	-50.81785081952885
11.97372507166613	0.01300681949305334	-50.83959030330209
11.98372507166613	0.01287885181655448	-50.86130170197506
11.99372507166613	0.01275207077107163	-50.88298551647161
12.00372507166613	0.01262646844794499	-50.90464226738584
12.01372507166613	0.01250203686716985	-50.92627246684033
12.02372507166613	0.01237876798229414	-50.94787661814873
12.03372507166613	0.01225665418604385	-50.96945508619668
12.04372507166613	0.01213568875748761	-50.99100796875537
12.05372507166613	0.01201586491629933	-51.01253533838822
12.06372507166613	0.01189717569749285	-51.03403727717973
12.07372507166613	0.0117796139648489	-51.05551387730691
12.08372507166613	0.01166317159564628	-51.07696542865441
12.09372507166613	0.01154783913914853	-51.09839251952613
12.10372507166613	0.01143360706764481	-51.11979575528439
12.11372507166613	0.01132046591946628	-51.14117572696913
12.12372507166613	0.01120840629986177	-51.16253300604113
12.13372507166613	0.01109741910463223	-51.1838679132351
12.14372507166613	0.0109874955349903	-51.20518046427232
12.15372507166613	0.01087862683209543	-51.22647066526018
12.16372507166613	0.01077080425537351	-51.24773853423934
12.17372507166613	0.01066401921230874	-51.26898411984923
12.18372507166613	0.01055826697658053	-51.29020776331576
12.19372507166613	0.01045354605608855	-51.31141011913321
12.20372507166613	0.0103498544722681	-51.33259183044829
12.21372507166613	0.01024718958887728	-51.35375352147859
12.22139252855725	0.0101691757132935	-51.36996409450513
12.23059347682659	0.01007628333625123	-51.38941272849419
12.24059347682659	0.009976307907556812	-51.41052687188144
12.25059347682659	0.009877332648838433	-51.4316173645478
12.26059347682659	0.009779314513533127	-51.45268850090324
12.27059347682659	0.009682235995335347	-51.47374028344944
12.28059347682659	0.009586087170597302	-51.4947729016876
12.29059347682659	0.009490866126504833	-51.51578692093369
12.30059347682659	0.009396571069580073	-51.53678289070561
12.31059347682659	0.009303199649398612	-51.5577613445076
12.32059347682659	0.009210748879796987	-51.57872278489791
12.33059347682659	0.009119212300523268	-51.59966748658724
12.34059347682659	0.009028580575537918	-51.6205954884001
12.35059347682659	0.008938844359072539	-51.64150683307762
12.36059347682659	0.008849994440684534	-51.66240157172394
12.37059347682659	0.00876202175885032	-51.68327978161703
12.38059347682659	0.008674917598292417	-51.70414179398384
12.39059347682659	0.008588673503941784	-51.72498810891275
12.40059347682659	0.008503281106109335	-51.74581921501504
12.41059347682659	0.008418732116618946	-51.76663558556801
12.42059347682659	0.008335018436124196	-51.7874376402572
12.43059347682659	0.008252132876050776	-51.80822546789535
12.44059347682659	0.008170068706444945	-51.8289989872793
12.45059347682659	0.008088819137824869	-51.84975813118555
12.46059347682659	0.008008377333383159	-51.87050284548058
12.47059347682659	0.007928736127418426	-51.89123315895308
12.48059347682659	0.007849886774734222	-51.91194949813546
12.49059347682659	0.0077718200369203	-51.93265243790864
12.50059347682659	0.007694526902375837	-51.95334252841813
12.51059347682659	0.007617998560974515	-51.97402029940239
12.52059347682659	0.007542226786370594	-51.99468618536558
12.53059347682659	0.007467205100458946	-52.0153402947087
12.54059347682659	0.007392927441013437	-52.03598265212188
12.55059347682659	0.007319387687763046	-52.05661328975933
12.56059347682659	0.007246579673748444	-52.07723224586815
12.57059347682659	0.00717449688629074	-52.09783959037831
12.58059347682659	0.007103131921330523	-52.11843547230404
12.59059347682659	0.007032477300714363	-52.13902005450255
12.60059347682659	0.006962525648449323	-52.15959349891429
12.61059347682659	0.006893269687915976	-52.18015596690536
12.62059347682659	0.006824702351840425	-52.2007076480757
12.63059347682659	0.006756816882845785	-52.22124879275225
12.64059347682659	0.006689606612434966	-52.24177965284807
12.65059347682659	0.006623064928661111	-52.26230047384148
12.66059347682659	0.006557185276189425	-52.28281149403653
12.67059347682659	0.006491961061275666	-52.3033129224583
12.68059347682659	0.006427385625197906	-52.3238049248538
12.69059347682659	0.006363452374605595	-52.34428766187033
12.70059347682659	0.006300154794011529	-52.36476129191081
12.71059347682659	0.006237486449772692	-52.38522597190599
12.72059347682659	0.006175441249139711	-52.40568184287504
12.73059347682659	0.006114013415919279	-52.42612903615133
12.74059347682659	0.006053197212317826	-52.4465676803764
12.75059347682659	0.005992986921294431	-52.4669979032302
12.76059347682659	0.005933376822050481	-52.4874198333197
12.77059347682659	0.005874360789134191	-52.50783363080245
12.78059347682659	0.005815932423410422	-52.52823947894608
12.79059347682659	0.005758085419602184	-52.54863755746323
12.80059347682659	0.00570081357407157	-52.56902804173022
12.81059347682659	0.005644110834084523	-52.5894110973957
12.82059347682659	0.005587971721560326	-52.60978684849437
12.83059347682659	0.005532391100570585	-52.63015538842128
12.84059347682659	0.005477363845407014	-52.65051681163914
12.85059347682659	0.005422884842935754	-52.67087121253256
12.86059347682659	0.005368948916793932	-52.69121869386378
12.87059347682659	0.005315550431710386	-52.71155939699601
12.88059347682659	0.005262683599557546	-52.73189348548648
12.89059347682659	0.0052103427307015	-52.75222111677436
12.90059347682659	0.00515852222612158	-52.77254244423677
12.91059347682659	0.005107216669334827	-52.79285760746297
12.92059347682659	0.005056421150815582	-52.81316670386262
12.93059347682659	0.005006130931811928	-52.83346981388595
12.94059347682659	0.004956341288959678	-52.85376701891932
12.95059347682659	0.004907047518756934	-52.87405840012845
12.96059347682659	0.004858244874375966	-52.89434404496046
12.97059347682659	0.004809928421774013	-52.91462406220355
12.98059347682659	0.004762093232764639	-52.93489856337871
12.99059347682659	0.00471473443417934	-52.9551676578358
13.00059347682659	0.004667847206979229	-52.97543145282467
13.01059347682659	0.004621426808335602	-52.99569005074498
13.02059347682659	0.004575468599073475	-53.01594354588303
13.03059347682659	0.00452996799224641	-53.03619203004732
13.04059347682659	0.004484920444160044	-53.05643559361004
13.05059347682659	0.004440321454126764	-53.0766743255006
13.06059347682659	0.004396166555988228	-53.09690831540864
13.07059347682659	0.004352451313647478	-53.11713765488368
13.08059347682659	0.004309171333825358	-53.13736243418226
13.09059347682659	0.004266322267215674	-53.15758274188048
13.10059347682659	0.004223899808199358	-53.17779866484654
13.11059347682659	0.004181899709729345	-53.19801028132939
13.12059347682659	0.004140317783526711	-53.21821766036667
13.13059347682659	0.00409914988186166	-53.23842086962474
13.14059347682659	0.004058391895796735	-53.25861997608589
13.15059347682659	0.004018039753152879	-53.27881504715242
13.16059347682659	0.003978089377153069	-53.29900617521258
13.17059347682659	0.00393853669543062	-53.31919347356483
13.18059347682659	0.003899377679710929	-53.33937705300098
13.19059347682659	0.003860608346962425	-53.35955702082644
13.20059347682659	0.003822224772736196	-53.37973347254535
13.21059347682659	0.00378422323778906	-53.39990640131891
13.22059347682659	0.003746600162702039	-53.42007573327585
13.23059347682659	0.003709351984435717	-53.4402414005708
13.24059347682659	0.003672475155902753	-53.46040334208547
13.25059347682659	0.003635966118402181	-53.48056152585965
13.26059347682659	0.003599821123362154	-53.50071610054195
13.27059347682659	0.003564036350781955	-53.52086730213433
13.28059347682659	0.003528608034854949	-53.54101535529153
13.29059347682659	0.003493532461115381	-53.56116047428368
13.30059347682659	0.003458805971268884	-53.58130285008899
13.31059347682659	0.003424424987448353	-53.60144258960723
13.32059347682659	0.003390385988349922	-53.62157976789338
13.33059347682659	0.003356685494080033	-53.64171445774264
13.34059347682659	0.003323320065674383	-53.6618467296176
13.35059347682659	0.003290286390570297	-53.68197661087755
13.36059347682659	0.003257581531400979	-53.7021039647271
13.37059347682659	0.003225202635857019	-53.7222286213554
13.38059347682659	0.003193146841360926	-53.74235042302354
13.39059347682659	0.003161411278026147	-53.76246922321884
13.40059347682659	0.003129992881710823	-53.782584969679
13.41059347682659	0.003098888067403767	-53.80269785403176
13.42059347682659	0.00306809322380649	-53.82280810226529
13.43059347682659	0.003037604815756919	-53.84291592952478
13.44059347682659	0.003007419380764229	-53.8630215412861
13.45059347682659	0.00297753377822021	-53.88312505514783
13.46059347682659	0.002947945412562679	-53.90322643242601
13.47059347682659	0.002918651744678781	-53.9233256178456
13.48059347682659	0.00288965022313385	-53.94342256102714
13.49059347682659	0.002860938286655875	-53.96351721434625
13.50059347682659	0.002832513128262154	-53.98360959299265
13.51059347682659	0.002804371629270621	-54.00369978121977
13.52059347682659	0.002776510689718778	-54.02378786926155
13.53059347682659	0.002748927262052248	-54.04387394385576
13.54059347682659	0.002721618352890697	-54.06395808912142
13.55059347682659	0.002694581208252094	-54.08404034309575
13.56059347682659	0.002667813298796099	-54.10412070731849
13.57059347682659	0.002641312117259832	-54.12419918061794
13.58059347682659	0.002615075164620125	-54.14427576342365
13.59059347682659	0.002589099945447931	-54.16435045872893
13.60059347682659	0.002563383874947428	-54.18442329209556
13.61059347682659	0.002537924307425336	-54.2044943061367
13.62059347682659	0.002512718623925504	-54.22456354320873
13.63059347682659	0.002487764234853557	-54.24463104469454
13.64059347682659	0.002463058584525827	-54.26469684956563
13.65059347682659	0.002438599195276212	-54.28476098387387
13.66059347682659	0.002414383644854876	-54.3048234645672
13.67059347682659	0.002390409530597622	-54.3248843091528
13.68059347682659	0.002366674469402117	-54.34494353549727
13.69059347682659	0.002343176086516322	-54.36500116590925
13.70059347682659	0.002319911951333872	-54.38505724629413
13.71059347682659	0.002296879622886976	-54.40511183530779
13.72059347682659	0.002274076692621427	-54.42516498883077
13.73059347682659	0.0022515007830066	-54.44521676072459
13.74059347682659	0.002229149599288867	-54.46526718373901
13.75059347682659	0.002207021132892065	-54.48531620403214
13.76059347682659	0.002185113470370176	-54.50536373467117
13.77059347682659	0.002163424686408156	-54.52540969706343
13.78059347682659	0.002141952848026193	-54.54545401855729
13.79059347682659	0.002120695910163596	-54.56549668565133
13.80059347682659	0.002099651423738217	-54.58553789582719
13.81059347682659	0.002078816888138186	-54.60557788735608
13.82059347682659	0.00205818985824032	-54.62561688580892
13.83059347682659	0.002037767941909346	-54.6456551047713
13.84059347682659	0.002017548971423426	-54.66569262619443
13.85059347682659	0.001997531294818817	-54.68572919084491
13.86059347682659	0.001977713328354453	-54.70576449537679
13.87059347682659	0.001958093465399487	-54.72579825508467
13.88059347682659	0.001938670079209552	-54.74583020270308
13.89059347682659	0.001919441313909724	-54.76586026867943
13.90059347682659	0.001900404893889311	-54.78588875372289
13.91059347682659	0.001881558536574972	-54.80591599056289
13.92059347682659	0.00186290001082236	-54.82594229384895
13.93059347682659	0.001844427134435533	-54.84596796204282
13.94059347682659	0.00182613801896563	-54.86599306053685
13.95059347682659	0.001808031152405328	-54.8860173426631
13.96059347682659	0.001790105044242322	-54.90604054426944
13.97059347682659	0.001772358188147501	-54.92606241746764
13.98059347682659	0.001754789061656797	-54.9460827307955
13.99059347682659	0.001737395950639699	-54.96610141324796
14.00059347682659	0.001720176953706588	-54.98611855261868
14.01059347682659	0.001703130182597161	-55.00613424588795
14.02059347682659	0.00168625377751848	-55.02614858582786
14.03059347682659	0.001669545907630312	-55.04616166601432
14.04059347682659	0.001653004797881659	-55.06617366840392
14.05059347682659	0.001636628721899033	-55.08618485161673
14.06059347682659	0.001620415974677005	-55.10619546318128
14.07059347682659	0.001604364871032513	-55.12620573690381
14.08059347682659	0.001588473760762831	-55.14621586199267
14.09059347682659	0.001572741202181409	-55.16622561497598
14.10059347682659	0.001557165889860469	-55.18623449633772
14.11059347682659	0.001541746506760408	-55.20624203104956
14.12059347682659	0.001526481723641695	-55.22624777295123
14.13059347682659	0.001511370166593064	-55.24625136702619
14.14059347682659	0.00149641017395743	-55.26625302885992
14.15059347682659	0.001481599942848571	-55.28625327914103
14.16059347682659	0.001466937710713426	-55.30625260948315
14.17059347682659	0.001452421752616364	-55.3262514840825
14.18059347682659	0.001438050429296172	-55.34625026518682
14.19059347682659	0.001423822434271411	-55.36624882240364
14.20059347682659	0.001409736600116026	-55.38624681495145
14.21059347682659	0.001395791742834949	-55.40624392617917
14.22059347682659	0.001381986666586534	-55.42623985867184
14.23059347682659	0.001368320124296417	-55.44623438922995
14.24059347682659	0.001354790668006422	-55.46622757723543
14.25059347682659	0.001341396797046218	-55.48621957538418
14.26059347682659	0.001328137034643102	-55.506210526597
14.27059347682659	0.001315009925739422	-55.52620056666228
14.28059347682659	0.001302014083714644	-55.54618976354771
14.29059347682659	0.001289148322378591	-55.56617794191862
14.30059347682659	0.001276411498187592	-55.58616487850138
14.31059347682659	0.001263802461804681	-55.60615036429509
14.32059347682659	0.001251320059308682	-55.62613420394172
14.33059347682659	0.001238963073424527	-55.64611633258898
14.34059347682659	0.001226730110421154	-55.66609704772399
14.35059347682659	0.001214619764388147	-55.68607669911582
14.36059347682659	0.001202630653911605	-55.70605561754553
14.37059347682659	0.001190761421193194	-55.72603411574246
14.38059347682659	0.00117901082088279	-55.74601232735235
14.39059347682659	0.00116737782999983	-55.76598999719049
14.40059347682659	0.001155861449363418	-55.78596682846774
14.41059347682659	0.001144460670833428	-55.80594254250073
14.42059347682659	0.00113317447869671	-55.82591687790942
14.43059347682659	0.001122001784780723	-55.84588971624412
14.44059347682659	0.001110941381433728	-55.86586118137419
14.45059347682659	0.00109999206043241	-55.88583141960651
14.46059347682659	0.001089152628652174	-55.90580057021117
14.47059347682659	0.001078421907781288	-55.9257687664608
14.48059347682659	0.001067798790182846	-55.94573607100278
14.49059347682659	0.001057282257966729	-55.96570245553933
14.50059347682659	0.001046871302527865	-55.98566788470936
14.51059347682659	0.001036564916265602	-56.00563232636414
14.52059347682659	0.001026362093289225	-56.02559575073613
14.53059347682659	0.001016261839924478	-56.04555808872477
14.54059347682659	0.001006263176067299	-56.06551922357097
14.55059347682659	0.0009963651238544019	-56.08547904268783
14.56059347682659	0.0009865667072032643	-56.10543744152793
14.57059347682659	0.0009768669521360614	-56.1253943258526
14.58059347682659	0.0009672648750736629	-56.14534969322827
14.59059347682659	0.000957759484445682	-56.16530363434974
14.60059347682659	0.0009483497941573734	-56.18525624152461
14.61059347682659	0.0009390348247877468	-56.20520760335443
14.62059347682659	0.0009298136053142159	-56.22515780161047
14.63059347682659	0.0009206852088151751	-56.24510683226987
14.64059347682659	0.0009116487452368835	-56.2650546181422
14.65059347682659	0.0009027033268635184	-56.28500108442255
14.66059347682659	0.0008938480671877407	-56.30494616221871
14.67059347682659	0.0008850820820443085	-56.32488979229116
14.68059347682659	0.0008764044989916298	-56.34483198728367
14.69059347682659	0.0008678144550919596	-56.36477281604048
14.70059347682659	0.0008593110892757678	-56.3847123468091
14.71059347682659	0.0008508935426167688	-56.40465064556391
14.72059347682659	0.0008425609600112612	-56.42458776926935
14.73059347682659	0.0008343125047660025	-56.44452368019936
14.74059347682659	0.0008261473535046407	-56.46445827584712
14.75059347682659	0.0008180646843889857	-56.48439145975758
14.76059347682659	0.0008100636774262015	-56.50432314275016
14.77059347682659	0.0008021435168609909	-56.52425324273795
14.78059347682659	0.0007943034101879462	-56.5441816908968
14.79059347682659	0.0007865425800345414	-56.56410842718241
14.80059347682659	0.0007788602493924319	-56.58403339743672
14.81059347682659	0.0007712556420720157	-56.60395655273119
14.82059347682659	0.0007637279830865851	-56.62387785994783
14.83059347682659	0.0007562764976983603	-56.64379740662608
14.84059347682659	0.000748900412659945	-56.66371534856387
14.85059347682659	0.0007415989578136265	-56.68363183569246
14.86059347682659	0.0007343713664895644	-56.70354701127902
14.87059347682659	0.0007272168844838893	-56.72346098893728
14.88059347682659	0.0007201348373136884	-56.74337367013969
14.89059347682659	0.0007131245933707399	-56.76328483553572
14.90059347682659	0.0007061855134503865	-56.7831942806247
14.91059347682659	0.0006993169519192831	-56.80310181475626
14.92059347682659	0.0006925182509517492	-56.82300728112824
14.93059347682659	0.0006857886915241774	-56.8429107118746
14.94059347682659	0.0006791275231159633	-56.86281224603865
14.95059347682659	0.0006725340017161184	-56.88271201663144
14.96059347682659	0.0006660073898154279	-56.90261015129561
14.97059347682659	0.0006595469660614656	-56.92250675121146
14.98059347682659	0.0006531520954780118	-56.94240174012771
14.99059347682659	0.0006468221890718704	-56.96229494065172
15.00059347682659	0.0006405566518164694	-56.9821861889464
15.01059347682659	0.0006343548838174653	-57.00207533291677
15.02059347682659	0.0006282162814553386	-57.02196223875446
15.03059347682659	0.0006221402403650962	-57.04184685437651
15.04059347682659	0.0006161261549799917	-57.06172917395616
15.05059347682659	0.0006101734175967004	-57.08160919537352
15.06059347682659	0.0006042814190665519	-57.10148691943691
15.07059347682659	0.0005984495486801953	-57.1213623584342
15.08059347682659	0.000592677188290764	-57.14123561846044
15.09059347682659	0.0005869637161995012	-57.16110685921836
15.10059347682659	0.0005813085127449226	-57.18097623462662
15.11059347682659	0.0005757109607153247	-57.2008438923902
15.12059347682659	0.0005701704516082313	-57.22070995296627
15.13059347682659	0.0005646864462643336	-57.24057428873781
15.14059347682659	0.0005592584483215901	-57.26043661085897
15.15059347682659	0.0005538859546414882	-57.28029664739058
15.16059347682659	0.0005485684557220372	-57.30015414451581
15.17059347682659	0.0005433054361515868	-57.3200088766835
15.18059347682659	0.0005380963690556921	-57.33986080032936
15.19059347682659	0.0005329407191582557	-57.35971000651558
15.20059347682659	0.000527837949241958	-57.37955658791137
15.21059347682659	0.0005227875209275024	-57.39940063522952
15.22059347682659	0.0005177888953830663	-57.41924223632163
15.23059347682659	0.0005128415365983503	-57.43908145641879
15.24059347682659	0.0005079449112877033	-57.4589183412076
15.25059347682659	0.0005030984867180434	-57.47875293597884
15.26059347682659	0.0004983017310515925	-57.49858528641125
15.27059347682659	0.0004935541144962227	-57.51841543858652
15.28059347682659	0.0004888551558694036	-57.53824333672739
15.29059347682659	0.0004842044212823944	-57.55806883109077
15.30059347682659	0.0004796014737991235	-57.57789177430107
15.31059347682659	0.0004750458703984776	-57.59771203042269
15.32059347682659	0.0004705371628484836	-57.61752947478794
15.33059347682659	0.0004660748930593035	-57.63734404089055
15.34059347682659	0.000461658592131485	-57.6571557404076
15.35059347682659	0.0004572877887151976	-57.67696459448609
15.36059347682659	0.0004529620104313041	-57.69677062659289
15.37059347682659	0.0004486807843947607	-57.71657386268984
15.38059347682659	0.0004444436520959788	-57.73637431673417
15.39059347682659	0.0004402501845478729	-57.75617197837717
15.40059347682659	0.0004360999535842748	-57.77596683728335
15.41059347682659	0.000431992528019949	-57.79575888725197
15.42059347682659	0.0004279274743005478	-57.81554812598913
15.43059347682659	0.0004239043630788472	-57.83533454330783
15.44059347682659	0.0004199227832739761	-57.85511809401039
15.45059347682659	0.0004159823248977024	-57.87489873069515
15.46059347682659	0.0004120825750913091	-57.8946764122162
15.47059347682659	0.0004082231187545798	-57.91445110335221
15.48059347682659	0.0004044035425001823	-57.93422277348713
15.49059347682659	0.0004006234491697125	-57.95399139978188
15.50059347682659	0.0003968824459585597	-57.97375696163689
15.51059347682659	0.0003931801372624841	-57.99351944430961
15.52059347682659	0.0003895161254485802	-58.01327883770286
15.53059347682659	0.0003858900129757503	-58.03303513499508
15.54059347682659	0.000382301416875457	-58.05278833034816
15.55059347682659	0.0003787499623341234	-58.07253841710449
15.56059347682659	0.0003752352720731887	-58.09228539349315
15.57059347682659	0.0003717569668745181	-58.11202926178833
15.58059347682659	0.0003683146663570248	-58.13177002837969
15.59059347682659	0.0003649080032248381	-58.15150767284808
15.60059347682659	0.0003615366230028346	-58.1712421525824
15.61059347682659	0.0003582001695969065	-58.19097342845141
15.62059347682659	0.0003548982847421627	-58.21070146745555
15.63059347682659	0.0003516306085307873	-58.2304262425848
15.64059347682659	0.0003483967855991947	-58.25014773757797
15.65059347682659	0.000345196472126245	-58.26986595497879
15.66059347682659	0.0003420293241700705	-58.28958090313557
15.67059347682659	0.0003388949961847793	-58.30929259415263
15.68059347682659	0.0003357931415007428	-58.32900104366419
15.69059347682659	0.0003327234161727468	-58.34870626192974
15.70059347682659	0.0003296854928885478	-58.36840822381649
15.71059347682659	0.0003266790490318301	-58.38810689223387
15.72059347682659	0.0003237037599448806	-58.40780223725945
15.73059347682659	0.0003207592995674264	-58.42749423476751
15.74059347682659	0.0003178453412191162	-58.44718286713012
15.75059347682659	0.0003149615636500506	-58.466868137829
15.76059347682659	0.0003121076498054866	-58.48655006835428
15.77059347682659	0.0003092832819934425	-58.50622868379068
15.78059347682659	0.0003064881420949167	-58.52590401224595
15.79059347682659	0.0003037219119181965	-58.54557608487683
15.80059347682659	0.0003009842817516182	-58.56524490895824
15.81059347682659	0.0002982749593425222	-58.58491043987177
15.82059347682659	0.0002955936534199403	-58.60457263164685
15.83059347682659	0.0002929400714717553	-58.62423144500573
15.84059347682659	0.0002903139201405742	-58.64388684701359
15.85059347682659	0.0002877149055889177	-58.66353881725387
15.86059347682659	0.0002851427338278991	-58.68318738921195
15.87059347682659	0.000282597111039842	-58.70283262100893
15.88059347682659	0.0002800777438758505	-58.72247457240161
15.89059347682659	0.000277584339722765	-58.7421133045513
15.90059347682659	0.0002751166069544061	-58.76174888046109
15.91059347682659	0.0002726742645845707	-58.78138131939493
15.92059347682659	0.0002702570447103085	-58.80101058774323
15.93059347682659	0.0002678646803145475	-58.8206366518105
15.94059347682659	0.0002654969042749295	-58.84025948386888
15.95059347682659	0.0002631534496421479	-58.85987906184927
15.96059347682659	0.0002608340501847632	-58.87949537373409
15.97059347682659	0.0002585384418711659	-58.89910844169525
15.98059347682659	0.0002562663620295066	-58.91871830149845
15.99059347682659	0.0002540175488532364	-58.93832499171793
16.00059347682659	0.0002517917416131601	-58.95792855341935
16.01059347682659	0.0002495886808356891	-58.97752903015996
16.02059347682659	0.0002474081111936956	-58.99712645106091
16.03059347682659	0.0002452497825027826	-59.01672082562152
16.04059347682659	0.0002431134461125713	-59.03631216470431
16.05059347682659	0.0002409988546587806	-59.05590048285243
16.06059347682659	0.0002389057622100382	-59.07548579809224
16.07059347682659	0.0002368339244503088	-59.09506813340117
16.08059347682659	0.0002347830991087721	-59.11464752919439
16.09059347682659	0.0002327530458741246	-59.13422403519513
16.10059347682659	0.0002307435262808669	-59.15379770306296
16.11059347682659	0.0002287543038039825	-59.17336858619014
16.12059347682659	0.0002267851439406062	-59.19293673960438
16.13059347682659	0.0002248358153354638	-59.21250220666605
16.14059347682659	0.000222906091452474	-59.2320649978522
16.15059347682659	0.0002209957481170766	-59.25162512126725
16.16059347682659	0.0002191045630967691	-59.27118258851508
16.17059347682659	0.0002172323161655514	-59.2907374145222
16.18059347682659	0.0002153787890760073	-59.31028961783277
16.19059347682659	0.0002135437619445832	-59.3298392482559
16.20059347682659	0.0002117270136020135	-59.34938638479697
16.21059347682659	0.0002099283254312605	-59.36893110873029
16.22059347682659	0.0002081474816235117	-59.38847350150905
16.23059347682659	0.000206384269168676	-59.40801364474484
16.24059347682659	0.0002046384779931237	-59.427551615224
16.25059347682659	0.0002029099019383308	-59.44708744821969
16.26059347682659	0.0002011983381423769	-59.46662115871265
16.27059347682659	0.0001995035863255075	-59.48615276433048
16.28059347682659	0.0001978254487855733	-59.50568228527227
16.29059347682659	0.0001961637303844096	-59.52520974418517
16.30059347682659	0.0001945182363830322	-59.54473517632301
16.31059347682659	0.0001928887659383358	-59.56425866012471
16.32059347682659	0.0001912751191954175	-59.58378028564605
16.33059347682659	0.0001896770997798336	-59.60330014206376
16.34059347682659	0.0001880945146962069	-59.62281831793854
16.35059347682659	0.0001865271742506142	-59.64233490116023
16.36059347682659	0.0001849748909092763	-59.66184997210281
16.37059347682659	0.0001834374778751278	-59.68136359347804
16.38059347682659	0.0001819147513206796	-59.70087582568356
16.39059347682659	0.0001804065307002416	-59.72038672934622
16.40059347682659	0.0001789126386652311	-59.73989636530738
16.41059347682659	0.0001774329009875218	-59.75940479385499
16.42059347682659	0.0001759671422410559	-59.77891208515696
16.43059347682659	0.0001745151839876605	-59.79841831800889
16.44059347682659	0.000173076850778612	-59.81792357223597
16.45059347682659	0.0001716519707304233	-59.83742792677066
16.46059347682659	0.0001702403754112826	-59.85693145968646
16.47059347682659	0.0001688418996719092	-59.87643424723846
16.48059347682659	0.0001674563762892997	-59.89593637642527
16.49059347682659	0.0001660836356639764	-59.91543793893766
16.50059347682659	0.0001647235115562608	-59.93493902649955
16.51059347682659	0.0001633758414376167	-59.95443972909366
16.52059347682659	0.0001620404663587094	-59.97394013502848
16.53059347682659	0.0001607172306825205	-59.99344033038972
16.54059347682659	0.0001594059772817533	-60.01294040576201
16.55059347682659	0.0001581065479561734	-60.03244045140269
16.56059347682659	0.0001568187879808549	-60.05194055639577
16.57059347682659	0.0001555425462515036	-60.07144080777123
16.58059347682659	0.0001542776751502535	-60.09094129057879
16.59059347682659	0.0001530240301987211	-60.11044208794522
16.60059347682659	0.0001517814647884344	-60.1299432941804
16.61059347682659	0.0001505498309708714	-60.1494450101902
16.62059347682659	0.0001493289842429122	-60.16894733500739
16.63059347682659	0.0001481187836456157	-60.18845036489277
16.64059347682659	0.0001469190916288893	-60.20795419343072
16.65059347682659	0.0001457297735421798	-60.22745891183341
16.66059347682659	0.0001445506891717112	-60.24696463205679
16.67059347682659	0.00014338169418848	-60.26647147924905
16.68059347682659	0.0001422226478750377	-60.28597957583876
16.69059347682659	0.0001410734133274981	-60.30548904010164
16.70059347682659	0.0001399338573015592	-60.32499998629966
16.71059347682659	0.0001388038499624974	-60.34451252428549
16.72059347682659	0.0001376832622392381	-60.36402675661065
16.73059347682659	0.0001365719661053743	-60.38354277688806
16.74059347682659	0.0001354698368376242	-60.40306067525548
16.75059347682659	0.0001343767530017482	-60.42258053833526
16.76059347682659	0.0001332925963257808	-60.44210244933356
16.77059347682659	0.0001322172513460791	-60.46162648812858
16.78059347682659	0.0001311505983285561	-60.48115276421856
16.79059347682659	0.0001300925139960465	-60.50068140828274
16.80059347682659	0.0001290428782077304	-60.52021254835693
16.81059347682659	0.0001280015742129322	-60.53974630739917
16.82059347682659	0.0001269684885188701	-60.55928280343604
16.83059347682659	0.0001259435106309992	-60.57882214849296
16.84059347682659	0.0001249265277970467	-60.59836445352059
16.85059347682659	0.0001239174252653823	-60.61790982085368
16.86059347682659	0.0001229160913218139	-60.63745834894121
16.87059347682659	0.0001219224174982206	-60.65701013126095
16.88059347682659	0.0001209362984495626	-60.6765652564438
16.89059347682659	0.0001199576317600812	-60.69612380823007
16.90059347682659	0.0001189863143628714	-60.71568589002388
16.91059347682659	0.0001180222425798401	-60.73525162086662
16.92059347682659	0.0001170653155565002	-60.754821116253
16.93059347682659	0.0001161154353986452	-60.7743944860831
16.94059347682659	0.0001151725070668076	-60.79397183479737
16.95059347682659	0.0001142364382133604	-60.81355326102625
16.96059347682659	0.0001133071365132259	-60.833138865943
16.97059347682659	0.0001123845097148227	-60.85272874937469
16.98059347682659	0.0001114684681441878	-60.87232300660899
16.99059347682659	0.0001105589247881075	-60.89192172750826
17.00059347682659	0.0001096557952066747	-60.91152499662848
17.01059347682659	0.0001087589972221911	-60.93113289282618
17.02059347682659	0.0001078684447818676	-60.95074550685151
17.03059347682659	0.0001069840486712155	-60.97036293365854
17.04059347682659	0.0001061057222205178	-60.98998526375173
17.05059347682659	0.0001052333815245177	-61.00961258162477
17.06059347682659	0.0001043669453558199	-61.02924496589629
17.07059347682659	0.0001035063351190566	-61.04888249055828
17.08059347682659	0.0001026514752820404	-61.06852524151187
17.09059347682659	0.0001018022931610595	-61.08817331269642
17.10059347682659	0.0001009587184154731	-61.1078267926281
17.11059347682659	0.0001001206829724266	-61.1274857641306
