print anharmonic factor for 0<=\theta_max<=\pi
\theta_max	f(\theta_max)
0	1
0.0641141	0.999637
0.128228	0.999066
0.192342	0.998081
0.256457	0.99659
0.320571	0.994639
0.384685	0.992276
0.448799	0.989506
0.512913	0.986316
0.577027	0.982698
0.641141	0.978657
0.705255	0.974199
0.76937	0.969325
0.833484	0.964038
0.897598	0.958339
0.961712	0.952231
1.02583	0.945716
1.08994	0.938797
1.15405	0.931478
1.21817	0.923761
1.28228	0.915649
1.3464	0.907146
1.41051	0.898255
1.47463	0.888979
1.53874	0.879322
1.60285	0.869286
1.66697	0.858876
1.73108	0.848095
1.7952	0.836946
1.85931	0.825431
1.92342	0.813555
1.98754	0.801319
2.05165	0.788726
2.11577	0.775777
2.17988	0.762475
2.24399	0.74882
2.30811	0.734812
2.37222	0.720449
2.43634	0.70573
2.50045	0.690656
2.56457	0.675219
2.62868	0.659399
2.69279	0.643178
2.75691	0.626563
2.82102	0.609575
2.88514	0.592174
2.94925	0.574169
3.01336	0.555368
3.07748	0.535871
3.14159	0.516024
