difference between interpolation and data
Line No.	T[GeV]	diff
1	0.0926874	0
2	0.0970554	0
3	0.101629	0
4	0.106418	0
5	0.111434	0
6	0.116685	0
7	0.122184	0
8	0.127942	0
9	0.13397	0
10	0.140281	0
11	0.146888	0
12	0.153806	0
13	0.161049	0
14	0.168632	0
15	0.176572	0
16	0.184884	0
17	0.193588	0
18	0.202701	0
19	0.212243	0
20	0.222234	0
21	0.232695	0
22	0.243648	0
23	0.255115	0
24	0.267123	0
25	0.279697	0
26	0.292864	0
27	0.306651	0
28	0.321087	0
29	0.336203	0
30	0.352031	0
31	0.368604	0
32	0.385957	0
33	0.404127	0
34	0.423153	0
35	0.443074	0
36	0.463933	0
37	0.485774	0
38	0.508644	0
39	0.532591	0
40	0.557664	0
41	0.583918	0
42	0.611408	0
43	0.640192	0
44	0.670331	0
45	0.701889	0
46	0.734932	0
47	0.769531	0
48	0.805759	0
49	0.843692	0
50	0.883411	0
51	0.924999	0
52	0.968545	0
53	1.01414	0
54	1.06188	0
55	1.11187	0
56	1.16421	0
57	1.21902	0
58	1.2764	0
59	1.33649	0
60	1.3994	0
61	1.46528	0
62	1.53426	0
63	1.60648	0
64	1.6821	0
65	1.76128	0
66	1.84419	0
67	1.931	0
68	2.0219	0
69	2.11707	0
70	2.21672	0
71	2.32106	0
72	2.43031	0
print chi for 1e-3 GeV <=T<=1e4 GeV
T[GeV]	chi(T)[GeV^4]
0.001	3.1575e-05
0.00111424	3.1575e-05
0.00124154	3.1575e-05
0.00138337	3.1575e-05
0.00154141	3.1575e-05
0.00171751	3.1575e-05
0.00191372	3.1575e-05
0.00213235	3.1575e-05
0.00237596	3.1575e-05
0.0026474	3.1575e-05
0.00294984	3.1575e-05
0.00328684	3.1575e-05
0.00366234	3.1575e-05
0.00408073	3.1575e-05
0.00454693	3.1575e-05
0.00506638	3.1575e-05
0.00564518	3.1575e-05
0.0062901	3.1575e-05
0.0070087	3.1575e-05
0.0078094	3.1575e-05
0.00870156	3.1575e-05
0.00969566	3.1575e-05
0.0108033	3.1575e-05
0.0120375	3.1575e-05
0.0134127	3.1575e-05
0.014945	3.1575e-05
0.0166524	3.1575e-05
0.0185548	3.1575e-05
0.0206746	3.1575e-05
0.0230365	3.1575e-05
0.0256682	3.1575e-05
0.0286006	3.1575e-05
0.0318681	3.1575e-05
0.0355088	3.1575e-05
0.0395654	3.1575e-05
0.0440855	3.1575e-05
0.0491219	3.1575e-05
0.0547337	3.1575e-05
0.0609867	3.1575e-05
0.067954	3.1575e-05
0.0757172	3.1575e-05
0.0843674	3.1575e-05
0.0940057	3.15433e-05
0.104745	3.13839e-05
0.116712	3.24791e-05
0.130045	3.10955e-05
0.144902	2.27087e-05
0.161456	1.33194e-05
0.179901	6.28617e-06
0.200453	2.66898e-06
0.223354	1.09792e-06
0.24887	4.09819e-07
0.277302	1.54011e-07
0.308982	6.53121e-08
0.344281	2.82434e-08
0.383612	1.23978e-08
0.427437	5.48041e-09
0.476269	2.41622e-09
0.530679	1.07707e-09
0.591306	4.77741e-10
0.658858	2.11331e-10
0.734128	9.15858e-11
0.817997	4.01807e-11
0.911447	1.7525e-11
1.01557	7.48489e-12
1.1316	3.15936e-12
1.26087	1.32048e-12
1.40492	5.46633e-13
1.56542	2.23907e-13
1.74426	8.99248e-14
1.94353	3.57682e-14
2.16556	1.39645e-14
2.41296	5.42452e-15
2.68862	2.21741e-15
2.99578	9.17256e-16
3.33803	3.79433e-16
3.71937	1.56957e-16
4.14429	6.49267e-17
4.61774	2.68576e-17
5.14528	1.111e-17
5.7331	4.59575e-18
6.38806	1.90108e-18
7.11785	7.86403e-19
7.93102	3.25304e-19
8.83708	1.34565e-19
9.84665	5.56645e-20
10.9716	2.30262e-20
12.225	9.52504e-21
13.6216	3.94013e-21
15.1778	1.62988e-21
16.9117	6.74217e-22
18.8438	2.78897e-22
20.9965	1.15369e-22
23.3952	4.77235e-23
26.068	1.97413e-23
29.0461	8.16622e-24
32.3644	3.37804e-24
36.0618	1.39736e-24
40.1816	5.78035e-25
44.772	2.3911e-25
49.8869	9.89105e-26
55.5861	4.09154e-26
61.9364	1.69251e-26
69.0122	7.00125e-27
76.8964	2.89614e-27
85.6813	1.19802e-27
95.4697	4.95574e-28
106.376	2.04999e-28
118.529	8.48002e-29
132.07	3.50785e-29
147.158	1.45106e-29
163.97	6.00247e-30
182.703	2.48298e-30
203.575	1.02711e-30
226.832	4.24876e-31
252.746	1.75755e-31
281.621	7.27028e-32
313.794	3.00743e-32
349.642	1.24406e-32
389.587	5.14617e-33
434.094	2.12877e-33
483.686	8.80588e-34
538.944	3.64265e-34
600.514	1.50682e-34
669.119	6.23312e-35
745.561	2.5784e-35
830.736	1.06658e-35
925.642	4.41203e-36
1031.39	1.82508e-36
1149.22	7.54965e-37
1280.51	3.123e-37
1426.8	1.29186e-37
1589.8	5.34392e-38
1771.42	2.21057e-38
1973.79	9.14426e-39
2199.29	3.78262e-39
2450.54	1.56472e-39
2730.5	6.47264e-40
3042.44	2.67748e-40
3390.01	1.10757e-40
3777.3	4.58157e-41
4208.83	1.89522e-41
4689.66	7.83976e-42
5225.42	3.243e-42
5822.38	1.3415e-42
6487.55	5.54927e-43
7228.7	2.29551e-43
8054.53	9.49564e-44
8974.7	3.92797e-44
10000	1.62485e-44
