T_osc~= 0.980847 GeV
a_osc~= 2.18147
------------check if the file is read-----------
0	2.06729	-79.6366
0.01	2.04738	-79.6762
0.02	2.02766	-79.7158
0.03	2.00813	-79.7554
0.04	1.9888	-79.795
0.05	1.96967	-79.8345
0.06	1.95073	-79.8741
0.07	1.93197	-79.9137
0.08	1.9134	-79.9533
0.09	1.89502	-79.9929
0.1	1.87682	-80.0324
0.11	1.8588	-80.072
0.12	1.84097	-80.1116
0.13	1.8233	-80.1511
0.14	1.80582	-80.1907
0.15	1.78851	-80.2302
0.16	1.77137	-80.2698
0.17	1.7544	-80.3093
0.18	1.7376	-80.3489
0.19	1.72097	-80.3884
0.2	1.7045	-80.428
0.21	1.6882	-80.4675
0.22	1.67206	-80.507
0.23	1.65608	-80.5466
0.24	1.64025	-80.5861
0.25	1.62459	-80.6256
0.26	1.60908	-80.6652
0.27	1.59372	-80.7047
0.28	1.57851	-80.7442
0.29	1.56346	-80.7837
0.3	1.54855	-80.8232
0.31	1.53379	-80.8627
0.32	1.51918	-80.9022
0.33	1.50471	-80.9418
0.34	1.49038	-80.9813
0.35	1.47619	-81.0208
0.36	1.46215	-81.0603
0.37	1.44824	-81.0997
0.38	1.43447	-81.1392
0.39	1.42083	-81.1787
0.4	1.40733	-81.2182
0.41	1.39396	-81.2577
0.42	1.38072	-81.2972
0.43	1.36762	-81.3367
0.44	1.35464	-81.3761
0.45	1.34178	-81.4156
0.46	1.32906	-81.4551
0.47	1.31645	-81.4946
0.48	1.30397	-81.534
0.49	1.29162	-81.5735
0.5	1.27938	-81.613
0.51	1.26726	-81.6524
0.52	1.25526	-81.6919
0.53	1.24338	-81.7314
0.54	1.23161	-81.7708
0.55	1.21996	-81.8103
0.56	1.20842	-81.8497
0.57	1.19699	-81.8892
0.58	1.18567	-81.9286
0.59	1.17447	-81.9681
0.6	1.16337	-82.0075
0.61	1.15238	-82.0469
0.62	1.14149	-82.0864
0.63	1.13072	-82.1258
0.64	1.12004	-82.1653
0.65	1.10947	-82.2047
0.66	1.099	-82.2441
0.67	1.08862	-82.2836
0.68	1.07835	-82.323
0.69	1.06818	-82.3624
0.7	1.05811	-82.4018
0.71	1.04815	-82.4413
0.72	1.03828	-82.4807
0.73	1.0285	-82.5201
0.74	1.01882	-82.5595
0.75	1.00921	-82.5989
0.76	0.999681	-82.6384
0.77	0.990225	-82.6778
0.78	0.980847	-82.7172
0.79	0.971552	-82.7566
0.8	0.962344	-82.796
0.81	0.953229	-82.8354
0.82	0.944207	-82.8747
0.83	0.935278	-82.9141
0.84	0.92644	-82.9535
0.85	0.917692	-82.9929
0.86	0.909032	-83.0322
0.87	0.900459	-83.0716
0.88	0.89197	-83.111
0.89	0.883562	-83.1503
0.9	0.875235	-83.1897
0.91	0.866985	-83.229
0.92	0.858811	-83.2684
0.93	0.850714	-83.3077
0.94	0.842696	-83.347
0.95	0.834759	-83.3864
0.96	0.826903	-83.4257
0.97	0.819131	-83.465
0.98	0.811439	-83.5043
0.99	0.803827	-83.5436
1	0.796289	-83.5829
1.01	0.788824	-83.6222
1.02	0.781428	-83.6615
1.03	0.774103	-83.7008
1.04	0.766848	-83.7401
1.05	0.759665	-83.7793
1.06	0.752555	-83.8186
1.07	0.745521	-83.8579
1.08	0.73856	-83.8971
1.09	0.73167	-83.9364
1.1	0.724847	-83.9756
1.11	0.71809	-84.0149
1.12	0.711395	-84.0541
1.13	0.70476	-84.0933
1.14	0.698186	-84.1326
1.15	0.691672	-84.1718
1.16	0.685221	-84.211
1.17	0.678832	-84.2502
1.18	0.672505	-84.2894
1.19	0.66624	-84.3286
1.2	0.660035	-84.3678
1.21	0.653889	-84.407
1.22	0.647801	-84.4462
1.23	0.641769	-84.4854
1.24	0.635793	-84.5245
1.25	0.629874	-84.5637
1.26	0.624011	-84.6028
1.27	0.618206	-84.642
1.28	0.612457	-84.6811
1.29	0.606765	-84.7202
1.3	0.601129	-84.7593
1.31	0.595549	-84.7985
1.32	0.590024	-84.8376
1.33	0.584553	-84.8766
1.34	0.579136	-84.9157
1.35	0.573772	-84.9548
1.36	0.568461	-84.9939
1.37	0.563203	-85.0329
1.38	0.557996	-85.072
1.39	0.552841	-85.111
1.4	0.547738	-85.15
1.41	0.542686	-85.1891
1.42	0.537688	-85.2281
1.43	0.532742	-85.2671
1.44	0.52785	-85.3061
1.45	0.523009	-85.345
1.46	0.518218	-85.384
1.47	0.513474	-85.423
1.48	0.508775	-85.4619
1.49	0.50412	-85.5009
1.5	0.499508	-85.5398
1.51	0.49494	-85.5787
1.52	0.490417	-85.6176
1.53	0.485939	-85.6565
1.54	0.481507	-85.6954
1.55	0.477121	-85.7343
1.56	0.472781	-85.7732
1.57	0.468487	-85.812
1.58	0.464239	-85.8509
1.59	0.460035	-85.8897
1.6	0.455876	-85.9286
1.61	0.45176	-85.9674
1.62	0.447686	-86.0062
1.63	0.44365	-86.045
1.64	0.439652	-86.0838
1.65	0.435691	-86.1226
1.66	0.431764	-86.1613
1.67	0.427874	-86.2001
1.68	0.42402	-86.2388
1.69	0.420202	-86.2776
1.7	0.416422	-86.3163
1.71	0.412679	-86.355
1.72	0.408973	-86.3937
1.73	0.405302	-86.4324
1.74	0.401666	-86.4711
1.75	0.398062	-86.5097
1.76	0.394492	-86.5484
1.77	0.390954	-86.587
1.78	0.38745	-86.6256
1.79	0.383982	-86.6642
1.8	0.380551	-86.7028
1.81	0.377158	-86.7414
1.82	0.373803	-86.7799
1.83	0.370484	-86.8185
1.84	0.367199	-86.857
1.85	0.363947	-86.8955
1.86	0.360726	-86.934
1.87	0.357534	-86.9725
1.88	0.354371	-87.011
1.89	0.351237	-87.0494
1.9	0.348133	-87.0879
1.91	0.345058	-87.1263
1.92	0.342015	-87.1647
1.93	0.339001	-87.2031
1.94	0.336019	-87.2414
1.95	0.333069	-87.2798
1.96	0.33015	-87.3181
1.97	0.327264	-87.3564
1.98	0.32441	-87.3947
1.99	0.321588	-87.433
2	0.318796	-87.4712
2.01	0.316034	-87.5095
2.02	0.313299	-87.5477
2.03	0.310591	-87.5859
2.04	0.30791	-87.6241
2.05	0.305254	-87.6623
2.06	0.302625	-87.7004
2.07	0.300021	-87.7385
2.08	0.297444	-87.7766
2.09	0.294894	-87.8147
2.1	0.292369	-87.8528
2.11	0.28987	-87.8908
2.12	0.287394	-87.9289
2.13	0.284942	-87.9669
2.14	0.282513	-88.0049
2.15	0.280105	-88.0428
2.16	0.277721	-88.0808
2.17	0.275365	-88.1187
2.18	0.27304	-88.1566
2.19	0.27075	-88.1945
2.2	0.268497	-88.2323
2.21	0.266281	-88.2701
2.22	0.264101	-88.3079
2.23	0.26195	-88.3457
2.24	0.259824	-88.3835
2.25	0.25772	-88.4212
2.26	0.255635	-88.459
2.27	0.253564	-88.4967
2.28	0.251508	-88.5344
2.29	0.249466	-88.5722
2.3	0.24744	-88.6099
2.31	0.245429	-88.6475
2.32	0.243434	-88.6852
2.33	0.241455	-88.7229
2.34	0.239493	-88.7605
2.35	0.23755	-88.7981
2.36	0.235625	-88.8356
2.37	0.233721	-88.8732
2.38	0.231838	-88.9107
2.39	0.229976	-88.9483
2.4	0.228136	-88.9858
2.41	0.226316	-89.0232
2.42	0.224515	-89.0607
2.43	0.222733	-89.0981
2.44	0.220969	-89.1355
2.45	0.219223	-89.1729
2.46	0.217492	-89.2103
2.47	0.215776	-89.2477
2.48	0.214072	-89.285
2.49	0.212381	-89.3223
2.5	0.210699	-89.3596
2.51	0.209028	-89.3968
2.52	0.207367	-89.4341
2.53	0.205721	-89.4713
2.54	0.204093	-89.5085
2.55	0.202485	-89.5456
2.56	0.2009	-89.5827
2.57	0.19934	-89.6198
2.58	0.197806	-89.6569
2.59	0.196298	-89.6939
2.6	0.194815	-89.7309
2.61	0.193356	-89.7679
2.62	0.191922	-89.8049
2.63	0.190511	-89.8419
2.64	0.189124	-89.8788
2.65	0.187759	-89.9157
2.66	0.186413	-89.9526
2.67	0.185086	-89.9895
2.68	0.183775	-90.0264
2.69	0.182481	-90.0633
2.7	0.1812	-90.1002
2.71	0.179934	-90.1371
2.72	0.178685	-90.1739
2.73	0.177455	-90.2108
2.74	0.176246	-90.2477
2.75	0.175059	-90.2846
2.76	0.173895	-90.3215
2.77	0.172757	-90.3584
2.78	0.171642	-90.3953
2.79	0.170548	-90.4323
2.8	0.169469	-90.4692
2.81	0.168402	-90.5062
2.82	0.167344	-90.5432
2.83	0.166291	-90.5802
2.84	0.16524	-90.6173
2.85	0.164186	-90.6543
2.86	0.16313	-90.6914
2.87	0.162073	-90.7285
2.88	0.161016	-90.7657
2.89	0.159962	-90.8028
2.9	0.158912	-90.84
2.91	0.157868	-90.8772
2.92	0.156832	-90.9145
2.93	0.155806	-90.9517
2.94	0.154788	-90.989
2.95	0.153779	-91.0264
2.96	0.152778	-91.0637
2.97	0.151783	-91.1011
2.98	0.150794	-91.1385
2.99	0.149811	-91.176
3	0.148832	-91.2134
3.01	0.147857	-91.2509
3.02	0.146886	-91.2885
3.03	0.145918	-91.3261
3.04	0.144951	-91.3637
3.05	0.143987	-91.4014
3.06	0.143023	-91.439
3.07	0.142059	-91.4768
3.08	0.141096	-91.5145
3.09	0.140133	-91.5524
3.1	0.139172	-91.5902
3.11	0.138212	-91.6281
3.12	0.137255	-91.666
3.13	0.136301	-91.704
3.14	0.135352	-91.742
3.15	0.134407	-91.78
3.16	0.133464	-91.8181
3.17	0.132523	-91.8562
3.18	0.131581	-91.8944
3.19	0.130637	-91.9325
3.2	0.12969	-91.9707
3.21	0.128736	-92.009
3.22	0.127777	-92.0473
3.23	0.126816	-92.0856
3.24	0.125857	-92.1239
3.25	0.124905	-92.1623
3.26	0.123964	-92.2008
3.27	0.123038	-92.2392
3.28	0.122128	-92.2777
3.29	0.121232	-92.3163
3.3	0.120344	-92.3549
3.31	0.119457	-92.3935
3.32	0.118568	-92.4322
3.33	0.11767	-92.4709
3.34	0.116756	-92.5096
3.35	0.115824	-92.5484
3.36	0.114876	-92.5872
3.37	0.113919	-92.6261
3.38	0.112957	-92.6649
3.39	0.111997	-92.7038
3.4	0.111046	-92.7427
3.41	0.110105	-92.7816
3.42	0.109174	-92.8205
3.43	0.10825	-92.8594
3.44	0.107332	-92.8984
3.45	0.106419	-92.9374
3.46	0.105509	-92.9763
3.47	0.104602	-93.0153
3.48	0.103699	-93.0543
3.49	0.102801	-93.0934
3.5	0.101907	-93.1324
3.51	0.101019	-93.1715
3.52	0.100136	-93.2105
3.53	0.0992588	-93.2496
3.54	0.0983873	-93.2887
3.55	0.0975214	-93.3278
3.56	0.096661	-93.3669
3.57	0.0958061	-93.406
3.58	0.0949567	-93.4451
3.59	0.094113	-93.4842
3.6	0.0932749	-93.5234
3.61	0.0924427	-93.5625
3.62	0.0916163	-93.6017
3.63	0.0907958	-93.6408
3.64	0.0899812	-93.68
3.65	0.0891726	-93.7192
3.66	0.08837	-93.7583
3.67	0.0875733	-93.7975
3.68	0.0867827	-93.8367
3.69	0.085998	-93.8759
3.7	0.0852194	-93.9151
3.71	0.0844469	-93.9543
3.72	0.0836804	-93.9935
3.73	0.0829201	-94.0327
3.74	0.0821658	-94.0719
3.75	0.0814176	-94.1111
3.76	0.0806755	-94.1503
3.77	0.0799395	-94.1895
3.78	0.0792095	-94.2287
3.79	0.0784857	-94.2679
3.8	0.0777679	-94.3072
3.81	0.0770562	-94.3464
3.82	0.0763505	-94.3856
3.83	0.0756508	-94.4248
3.84	0.0749571	-94.464
3.85	0.0742695	-94.5033
3.86	0.0735878	-94.5425
3.87	0.072912	-94.5817
3.88	0.0722422	-94.6209
3.89	0.0715782	-94.6602
3.9	0.0709202	-94.6994
3.91	0.070268	-94.7386
3.92	0.0696216	-94.7778
3.93	0.068981	-94.817
3.94	0.0683462	-94.8563
3.95	0.0677171	-94.8955
3.96	0.0670938	-94.9347
3.97	0.0664761	-94.9739
3.98	0.065864	-95.0131
3.99	0.0652576	-95.0523
4	0.0646567	-95.0915
4.01	0.0640614	-95.1307
4.02	0.0634715	-95.17
4.03	0.0628871	-95.2092
4.04	0.0623081	-95.2484
4.05	0.0617345	-95.2876
4.06	0.0611663	-95.3268
4.07	0.0606033	-95.366
4.08	0.0600456	-95.4052
4.09	0.0594931	-95.4444
4.1	0.0589458	-95.4835
4.11	0.0584037	-95.5227
4.12	0.0578667	-95.5619
4.13	0.0573347	-95.6011
4.14	0.0568078	-95.6403
4.15	0.0562858	-95.6795
4.16	0.0557688	-95.7186
4.17	0.0552567	-95.7578
4.18	0.0547494	-95.797
4.19	0.054247	-95.8362
4.2	0.0537493	-95.8753
4.21	0.0532563	-95.9145
4.22	0.0527681	-95.9537
4.23	0.0522845	-95.9929
4.24	0.0518055	-96.032
4.25	0.051331	-96.0712
4.26	0.050861	-96.1103
4.27	0.0503955	-96.1495
4.28	0.0499344	-96.1887
4.29	0.0494777	-96.2278
4.3	0.0490254	-96.267
4.31	0.0485773	-96.3061
4.32	0.0481336	-96.3453
4.33	0.047694	-96.3845
4.34	0.0472587	-96.4236
4.35	0.0468275	-96.4628
4.36	0.0464003	-96.5019
4.37	0.0459772	-96.5411
4.38	0.0455582	-96.5802
4.39	0.0451431	-96.6194
4.4	0.0447319	-96.6585
4.41	0.0443246	-96.6977
4.42	0.0439211	-96.7368
4.43	0.0435214	-96.776
4.44	0.0431256	-96.8152
4.45	0.0427334	-96.8543
4.46	0.0423449	-96.8935
4.47	0.0419601	-96.9326
4.48	0.0415789	-96.9718
4.49	0.0412013	-97.0109
4.5	0.0408272	-97.0501
4.51	0.0404566	-97.0893
4.52	0.0400895	-97.1284
4.53	0.0397258	-97.1676
4.54	0.0393654	-97.2068
4.55	0.0390084	-97.2459
4.56	0.0386546	-97.2851
4.57	0.0383042	-97.3243
4.58	0.037957	-97.3635
4.59	0.0376129	-97.4026
4.6	0.0372721	-97.4418
4.61	0.0369344	-97.481
4.62	0.0365998	-97.5202
4.63	0.0362682	-97.5594
4.64	0.0359397	-97.5986
4.65	0.0356141	-97.6378
4.66	0.0352915	-97.677
4.67	0.0349719	-97.7162
4.68	0.0346551	-97.7554
4.69	0.0343412	-97.7947
4.7	0.03403	-97.8339
4.71	0.0337217	-97.8731
4.72	0.0334162	-97.9123
4.73	0.0331134	-97.9516
4.74	0.0328132	-97.9908
4.75	0.0325158	-98.0301
4.76	0.032221	-98.0693
4.77	0.0319288	-98.1086
4.78	0.0316392	-98.1479
4.79	0.0313521	-98.1871
4.8	0.0310676	-98.2264
4.81	0.0307856	-98.2657
4.82	0.030506	-98.305
4.83	0.0302289	-98.3443
4.84	0.0299541	-98.3836
4.85	0.0296818	-98.4229
4.86	0.0294119	-98.4623
4.87	0.0291443	-98.5016
4.88	0.028879	-98.5409
4.89	0.0286159	-98.5803
4.9	0.0283552	-98.6196
4.91	0.0280966	-98.659
4.92	0.0278403	-98.6984
4.93	0.0275862	-98.7377
4.94	0.0273342	-98.7771
4.95	0.0270844	-98.8165
4.96	0.0268367	-98.8559
4.97	0.0265911	-98.8953
4.98	0.0263476	-98.9347
4.99	0.0261062	-98.9742
5	0.0258667	-99.0136
5.01	0.0256293	-99.0531
5.02	0.0253939	-99.0925
5.03	0.0251604	-99.132
5.04	0.0249289	-99.1715
5.05	0.0246994	-99.2109
5.06	0.0244717	-99.2504
5.07	0.024246	-99.2899
5.08	0.0240221	-99.3294
5.09	0.0238001	-99.369
5.1	0.0235799	-99.4085
5.11	0.0233616	-99.448
5.12	0.023145	-99.4876
5.13	0.0229303	-99.5271
5.14	0.0227173	-99.5667
5.15	0.0225062	-99.6063
5.16	0.0222967	-99.6459
5.17	0.022089	-99.6855
5.18	0.021883	-99.7251
5.19	0.0216787	-99.7647
5.2	0.0214761	-99.8043
5.21	0.0212752	-99.8439
5.22	0.0210759	-99.8836
5.23	0.0208783	-99.9232
5.24	0.0206823	-99.9629
5.25	0.0204879	-100.003
5.26	0.0202951	-100.042
5.27	0.020104	-100.082
5.28	0.0199144	-100.122
5.29	0.0197264	-100.161
5.3	0.01954	-100.201
5.31	0.0193551	-100.241
5.32	0.0191717	-100.28
5.33	0.0189899	-100.32
5.34	0.0188096	-100.36
5.35	0.0186308	-100.4
5.36	0.0184535	-100.439
5.37	0.0182777	-100.479
5.38	0.0181033	-100.519
5.39	0.0179305	-100.559
5.4	0.0177591	-100.599
5.41	0.0175891	-100.638
5.42	0.0174206	-100.678
5.43	0.0172535	-100.718
5.44	0.0170878	-100.758
5.45	0.0169236	-100.798
5.46	0.0167608	-100.837
5.47	0.0165993	-100.877
5.48	0.0164393	-100.917
5.49	0.0162806	-100.957
5.5	0.0161233	-100.997
5.51	0.0159674	-101.037
5.52	0.0158128	-101.077
5.53	0.0156596	-101.116
5.54	0.0155077	-101.156
5.55	0.0153571	-101.196
5.56	0.0152079	-101.236
5.57	0.01506	-101.276
5.58	0.0149134	-101.316
5.59	0.0147681	-101.356
5.6	0.0146241	-101.396
5.61	0.0144814	-101.436
5.62	0.01434	-101.476
5.63	0.0141998	-101.515
5.64	0.0140609	-101.555
5.65	0.0139233	-101.595
5.66	0.0137869	-101.635
5.67	0.0136517	-101.675
5.68	0.0135178	-101.715
5.69	0.0133851	-101.755
5.7	0.0132537	-101.795
5.71	0.0131234	-101.835
5.72	0.0129944	-101.875
5.73	0.0128665	-101.915
5.74	0.0127399	-101.955
5.75	0.0126144	-101.995
5.76	0.0124901	-102.035
5.77	0.0123669	-102.075
5.78	0.0122449	-102.115
5.79	0.012124	-102.155
5.8	0.0120043	-102.195
5.81	0.0118858	-102.235
5.82	0.0117683	-102.275
5.83	0.011652	-102.314
5.84	0.0115367	-102.354
5.85	0.0114226	-102.394
5.86	0.0113096	-102.434
5.87	0.0111976	-102.474
5.88	0.0110867	-102.514
5.89	0.0109769	-102.554
5.9	0.0108681	-102.594
5.91	0.0107604	-102.634
5.92	0.0106537	-102.674
5.93	0.0105481	-102.714
5.94	0.0104435	-102.754
5.95	0.0103399	-102.794
5.96	0.0102373	-102.834
5.97	0.0101358	-102.874
5.98	0.0100352	-102.914
5.99	0.00993568	-102.954
6	0.0098371	-102.994
6.01	0.00973947	-103.034
6.02	0.00964277	-103.074
6.03	0.009547	-103.114
6.04	0.00945216	-103.154
6.05	0.00935824	-103.194
6.06	0.00926525	-103.234
6.07	0.00917317	-103.274
6.08	0.00908201	-103.314
6.09	0.00899174	-103.354
6.1	0.00890237	-103.394
6.11	0.00881388	-103.434
6.12	0.00872627	-103.474
6.13	0.00863951	-103.514
6.14	0.00855362	-103.554
6.15	0.00846857	-103.594
6.16	0.00838437	-103.634
6.17	0.00830099	-103.674
6.18	0.00821845	-103.714
6.19	0.00813672	-103.754
6.2	0.0080558	-103.794
6.21	0.00797568	-103.834
6.22	0.00789637	-103.874
6.23	0.00781784	-103.914
6.24	0.00774009	-103.954
6.25	0.00766311	-103.994
6.26	0.00758689	-104.034
6.27	0.00751143	-104.074
6.28	0.00743671	-104.114
6.29	0.00736274	-104.154
6.3	0.0072895	-104.194
6.31	0.00721699	-104.234
6.32	0.0071452	-104.274
6.33	0.00707413	-104.314
6.34	0.00700376	-104.354
6.35	0.0069341	-104.394
6.36	0.00686512	-104.434
6.37	0.00679683	-104.474
6.38	0.00672923	-104.514
6.39	0.00666229	-104.554
6.4	0.00659602	-104.594
6.41	0.00653041	-104.634
6.42	0.00646545	-104.674
6.43	0.00640114	-104.714
6.44	0.00633747	-104.754
6.45	0.00627443	-104.794
6.46	0.00621202	-104.834
6.47	0.00615022	-104.874
6.48	0.00608905	-104.914
6.49	0.00602848	-104.954
6.5	0.00596852	-104.994
6.51	0.00590915	-105.034
6.52	0.00585038	-105.074
6.53	0.00579219	-105.114
6.54	0.00573457	-105.154
6.55	0.00567754	-105.194
6.56	0.00562107	-105.234
6.57	0.00556516	-105.274
6.58	0.0055098	-105.314
6.59	0.005455	-105.354
6.6	0.00540074	-105.394
6.61	0.00534703	-105.434
6.62	0.00529385	-105.474
6.63	0.0052412	-105.514
6.64	0.00518907	-105.554
6.65	0.00513746	-105.594
6.66	0.00508636	-105.634
6.67	0.00503578	-105.674
6.68	0.00498569	-105.714
6.69	0.00493611	-105.754
6.7	0.00488701	-105.794
6.71	0.00483841	-105.834
6.72	0.00479029	-105.874
6.73	0.00474265	-105.914
6.74	0.00469549	-105.954
6.75	0.00464879	-105.994
6.76	0.00460256	-106.034
6.77	0.00455679	-106.074
6.78	0.00451148	-106.114
6.79	0.00446661	-106.154
6.8	0.0044222	-106.194
6.81	0.00437822	-106.234
6.82	0.00433468	-106.274
6.83	0.00429158	-106.314
6.84	0.00424891	-106.354
6.85	0.00420666	-106.394
6.86	0.00416483	-106.434
6.87	0.00412342	-106.474
6.88	0.00408242	-106.514
6.89	0.00404183	-106.554
6.9	0.00400164	-106.594
6.91	0.00396185	-106.634
6.92	0.00392246	-106.674
6.93	0.00388346	-106.714
6.94	0.00384485	-106.754
6.95	0.00380662	-106.794
6.96	0.00376878	-106.834
6.97	0.00373131	-106.874
6.98	0.00369421	-106.914
6.99	0.00365749	-106.954
7	0.00362113	-106.994
7.01	0.00358513	-107.034
7.02	0.00354949	-107.074
7.03	0.00351421	-107.114
7.04	0.00347928	-107.154
7.05	0.00344469	-107.194
7.06	0.00341045	-107.234
7.07	0.00337655	-107.274
7.08	0.00334299	-107.314
7.09	0.00330976	-107.354
7.1	0.00327686	-107.394
7.11	0.00324429	-107.434
7.12	0.00321204	-107.474
7.13	0.00318012	-107.514
7.14	0.00314851	-107.554
7.15	0.00311722	-107.594
7.16	0.00308625	-107.634
7.17	0.00305558	-107.674
7.18	0.00302521	-107.714
7.19	0.00299515	-107.754
7.2	0.00296539	-107.794
7.21	0.00293592	-107.834
7.22	0.00290675	-107.874
7.23	0.00287786	-107.914
7.24	0.00284927	-107.954
7.25	0.00282096	-107.993
7.26	0.00279293	-108.033
7.27	0.00276519	-108.073
7.28	0.00273772	-108.113
7.29	0.00271052	-108.153
7.3	0.00268359	-108.193
7.31	0.00265693	-108.233
7.32	0.00263054	-108.273
7.33	0.00260441	-108.313
7.34	0.00257854	-108.353
7.35	0.00255293	-108.393
7.36	0.00252758	-108.433
7.37	0.00250247	-108.473
7.38	0.00247762	-108.513
7.39	0.00245302	-108.553
7.4	0.00242866	-108.593
7.41	0.00240454	-108.633
7.42	0.00238067	-108.673
7.43	0.00235703	-108.713
7.44	0.00233363	-108.753
7.45	0.00231046	-108.793
7.46	0.00228752	-108.833
7.47	0.00226481	-108.873
7.48	0.00224233	-108.913
7.49	0.00222007	-108.953
7.5	0.00219803	-108.993
7.51	0.00217621	-109.033
7.52	0.00215461	-109.073
7.53	0.00213323	-109.113
7.54	0.00211206	-109.153
7.55	0.0020911	-109.193
7.56	0.00207035	-109.233
7.57	0.00204981	-109.273
7.58	0.00202947	-109.313
7.59	0.00200933	-109.353
7.6	0.0019894	-109.393
7.61	0.00196966	-109.433
7.62	0.00195012	-109.473
7.63	0.00193078	-109.513
7.64	0.00191163	-109.553
7.65	0.00189267	-109.593
7.66	0.0018739	-109.633
7.67	0.00185532	-109.673
7.68	0.00183692	-109.712
7.69	0.0018187	-109.752
7.7	0.00180067	-109.792
7.71	0.00178282	-109.832
7.72	0.00176515	-109.872
7.73	0.00174765	-109.912
7.74	0.00173033	-109.952
7.75	0.00171318	-109.992
7.76	0.0016962	-110.032
7.77	0.00167939	-110.072
7.78	0.00166276	-110.112
7.79	0.00164628	-110.152
7.8	0.00162997	-110.192
7.81	0.00161383	-110.232
7.82	0.00159784	-110.272
7.83	0.00158202	-110.312
7.84	0.00156635	-110.352
7.85	0.00155084	-110.392
7.86	0.00153548	-110.432
7.87	0.00152028	-110.472
7.88	0.00150523	-110.512
7.89	0.00149033	-110.552
7.9	0.00147558	-110.592
7.91	0.00146098	-110.632
7.92	0.00144652	-110.671
7.93	0.00143221	-110.711
7.94	0.00141804	-110.751
7.95	0.00140401	-110.791
7.96	0.00139012	-110.831
7.97	0.00137638	-110.871
7.98	0.00136277	-110.911
7.99	0.00134929	-110.951
8	0.00133595	-110.991
8.01	0.00132275	-111.031
8.02	0.00130967	-111.071
8.03	0.00129673	-111.111
8.04	0.00128392	-111.151
8.05	0.00127124	-111.191
8.06	0.00125868	-111.231
8.07	0.00124625	-111.271
8.08	0.00123394	-111.31
8.09	0.00122176	-111.35
8.1	0.0012097	-111.39
8.11	0.00119776	-111.43
8.12	0.00118594	-111.47
8.13	0.00117424	-111.51
8.14	0.00116265	-111.55
8.15	0.00115118	-111.59
8.16	0.00113983	-111.63
8.17	0.00112859	-111.67
8.18	0.00111746	-111.71
8.19	0.00110645	-111.75
8.2	0.00109554	-111.789
8.21	0.00108475	-111.829
8.22	0.00107406	-111.869
8.23	0.00106348	-111.909
8.24	0.00105301	-111.949
8.25	0.00104264	-111.989
8.26	0.00103238	-112.029
8.27	0.00102222	-112.069
8.28	0.00101216	-112.109
8.29	0.0010022	-112.149
8.3	0.000992343	-112.188
8.31	0.000982585	-112.228
8.32	0.000972925	-112.268
8.33	0.000963363	-112.308
8.34	0.000953897	-112.348
8.35	0.000944526	-112.388
8.36	0.000935249	-112.428
8.37	0.000926066	-112.468
8.38	0.000916976	-112.508
8.39	0.000907976	-112.547
8.4	0.000899068	-112.587
8.41	0.000890249	-112.627
8.42	0.00088152	-112.667
8.43	0.000872878	-112.707
8.44	0.000864324	-112.747
8.45	0.000855855	-112.787
8.46	0.000847473	-112.826
8.47	0.000839175	-112.866
8.48	0.00083096	-112.906
8.49	0.000822829	-112.946
8.5	0.00081478	-112.986
8.51	0.000806812	-113.026
8.52	0.000798925	-113.066
8.53	0.000791117	-113.105
8.54	0.000783389	-113.145
8.55	0.000775738	-113.185
8.56	0.000768165	-113.225
8.57	0.000760669	-113.265
8.58	0.000753248	-113.305
8.59	0.000745903	-113.344
8.6	0.000738632	-113.384
8.61	0.000731434	-113.424
8.62	0.000724309	-113.464
8.63	0.000717257	-113.504
8.64	0.000710276	-113.543
8.65	0.000703366	-113.583
8.66	0.000696526	-113.623
8.67	0.000689756	-113.663
8.68	0.000683054	-113.703
8.69	0.000676421	-113.742
8.7	0.000669855	-113.782
8.71	0.000663355	-113.822
8.72	0.000656922	-113.862
8.73	0.000650553	-113.902
8.74	0.00064425	-113.941
8.75	0.000638011	-113.981
8.76	0.000631835	-114.021
8.77	0.000625722	-114.061
8.78	0.000619671	-114.1
8.79	0.000613682	-114.14
8.8	0.000607755	-114.18
8.81	0.000601887	-114.22
8.82	0.00059608	-114.259
8.83	0.000590332	-114.299
8.84	0.000584642	-114.339
8.85	0.00057901	-114.379
8.86	0.000573436	-114.418
8.87	0.000567919	-114.458
8.88	0.000562458	-114.498
8.89	0.000557053	-114.537
8.9	0.000551703	-114.577
8.91	0.000546408	-114.617
8.92	0.000541167	-114.657
8.93	0.00053598	-114.696
8.94	0.000530846	-114.736
8.95	0.000525765	-114.776
8.96	0.000520735	-114.815
8.97	0.000515758	-114.855
8.98	0.000510831	-114.895
8.99	0.000505955	-114.934
9	0.000501129	-114.974
9.01	0.000496353	-115.014
9.02	0.000491625	-115.053
9.03	0.000486946	-115.093
9.04	0.000482315	-115.133
9.05	0.000477731	-115.172
9.06	0.000473195	-115.212
9.07	0.000468705	-115.252
9.08	0.000464262	-115.291
9.09	0.000459864	-115.331
9.1	0.000455512	-115.37
9.11	0.000451204	-115.41
9.12	0.000446941	-115.45
9.13	0.000442722	-115.489
9.14	0.000438546	-115.529
9.15	0.000434414	-115.568
9.16	0.000430324	-115.608
9.17	0.000426276	-115.648
9.18	0.00042227	-115.687
9.19	0.000418305	-115.727
9.2	0.000414381	-115.766
9.21	0.000410498	-115.806
9.22	0.000406655	-115.845
9.23	0.000402852	-115.885
9.24	0.000399088	-115.924
9.25	0.000395362	-115.964
9.26	0.000391676	-116.003
9.27	0.000388027	-116.043
9.28	0.000384417	-116.082
9.29	0.000380843	-116.122
9.3	0.000377307	-116.161
9.31	0.000373807	-116.201
9.32	0.000370344	-116.24
9.33	0.000366916	-116.28
9.34	0.000363524	-116.319
9.35	0.000360167	-116.359
9.36	0.000356845	-116.398
9.37	0.000353557	-116.438
9.38	0.000350303	-116.477
9.39	0.000347083	-116.517
9.4	0.000343896	-116.556
9.41	0.000340742	-116.595
9.42	0.000337622	-116.635
9.43	0.000334533	-116.674
9.44	0.000331476	-116.714
9.45	0.000328451	-116.753
9.46	0.000325458	-116.792
9.47	0.000322495	-116.832
9.48	0.000319563	-116.871
9.49	0.000316661	-116.911
9.5	0.00031379	-116.95
9.51	0.000310948	-116.989
9.52	0.000308136	-117.029
9.53	0.000305352	-117.068
9.54	0.000302598	-117.107
9.55	0.000299872	-117.147
9.56	0.000297174	-117.186
9.57	0.000294504	-117.225
9.58	0.000291862	-117.265
9.59	0.000289247	-117.304
9.6	0.000286659	-117.343
9.61	0.000284098	-117.383
9.62	0.000281563	-117.422
9.63	0.000279054	-117.461
9.64	0.000276571	-117.5
9.65	0.000274114	-117.54
9.66	0.000271682	-117.579
9.67	0.000269275	-117.618
9.68	0.000266893	-117.657
9.69	0.000264535	-117.697
9.7	0.000262201	-117.736
9.71	0.000259892	-117.775
9.72	0.000257606	-117.814
9.73	0.000255343	-117.854
9.74	0.000253104	-117.893
9.75	0.000250887	-117.932
9.76	0.000248693	-117.971
9.77	0.000246522	-118.01
9.78	0.000244373	-118.05
9.79	0.000242245	-118.089
9.8	0.00024014	-118.128
9.81	0.000238055	-118.167
9.82	0.000235992	-118.206
9.83	0.00023395	-118.245
9.84	0.000231928	-118.285
9.85	0.000229927	-118.324
9.86	0.000227946	-118.363
9.87	0.000225985	-118.402
9.88	0.000224044	-118.441
9.89	0.000222122	-118.48
9.9	0.000220219	-118.519
9.91	0.000218336	-118.558
9.92	0.000216471	-118.598
9.93	0.000214625	-118.637
9.94	0.000212798	-118.676
9.95	0.000210989	-118.715
9.96	0.000209197	-118.754
9.97	0.000207424	-118.793
9.98	0.000205668	-118.832
9.99	0.000203929	-118.871
10	0.000202207	-118.91
10.01	0.000200503	-118.949
10.02	0.000198815	-118.988
10.03	0.000197143	-119.027
10.04	0.000195488	-119.066
10.05	0.000193849	-119.105
10.06	0.000192226	-119.145
10.07	0.000190619	-119.184
10.08	0.000189027	-119.223
10.09	0.000187451	-119.262
10.1	0.00018589	-119.301
10.11	0.000184344	-119.34
10.12	0.000182812	-119.379
10.13	0.000181296	-119.418
10.14	0.000179793	-119.457
10.15	0.000178305	-119.496
10.16	0.000176831	-119.535
10.17	0.000175371	-119.574
10.18	0.000173925	-119.613
10.19	0.000172492	-119.652
10.2	0.000171073	-119.691
10.21	0.000169666	-119.73
10.22	0.000168273	-119.769
10.23	0.000166893	-119.808
10.24	0.000165525	-119.847
10.25	0.00016417	-119.886
10.26	0.000162828	-119.925
10.27	0.000161497	-119.964
10.28	0.000160179	-120.003
10.29	0.000158873	-120.042
10.3	0.000157578	-120.081
10.31	0.000156295	-120.12
10.32	0.000155023	-120.159
10.33	0.000153763	-120.198
10.34	0.000152514	-120.237
10.35	0.000151276	-120.276
10.36	0.000150049	-120.315
10.37	0.000148832	-120.354
10.38	0.000147626	-120.393
10.39	0.000146431	-120.432
10.4	0.000145246	-120.471
10.41	0.000144071	-120.51
10.42	0.000142906	-120.549
10.43	0.000141751	-120.588
10.44	0.000140606	-120.627
10.45	0.00013947	-120.666
10.46	0.000138344	-120.705
10.47	0.000137227	-120.744
10.48	0.00013612	-120.783
10.49	0.000135021	-120.822
10.5	0.000133932	-120.861
10.51	0.000132851	-120.9
10.52	0.00013178	-120.939
10.53	0.000130716	-120.978
10.54	0.000129662	-121.017
10.55	0.000128616	-121.056
10.56	0.000127578	-121.095
10.57	0.000126548	-121.135
10.58	0.000125526	-121.174
10.59	0.000124513	-121.213
10.6	0.000123507	-121.252
10.61	0.000122508	-121.291
10.62	0.000121518	-121.33
10.63	0.000120535	-121.369
10.64	0.000119559	-121.408
10.65	0.000118591	-121.447
10.66	0.00011763	-121.487
10.67	0.000116676	-121.526
10.68	0.000115729	-121.565
10.69	0.000114789	-121.604
10.7	0.000113855	-121.643
10.71	0.000112929	-121.682
10.72	0.000112009	-121.722
10.73	0.000111095	-121.761
10.74	0.000110189	-121.8
10.75	0.000109288	-121.839
10.76	0.000108394	-121.878
10.77	0.000107506	-121.918
10.78	0.000106624	-121.957
10.79	0.000105748	-121.996
10.8	0.000104878	-122.035
10.81	0.000104014	-122.075
10.82	0.000103156	-122.114
10.83	0.000102303	-122.153
10.84	0.000101456	-122.192
10.85	0.000100615	-122.232
------------check if interpolation gives the same numbers on the points from the file-----------
0	0	0
0.01	0	0
0.02	0	0
0.03	0	0
0.04	0	0
0.05	0	0
0.06	0	0
0.07	0	0
0.08	0	0
0.09	0	0
0.1	0	0
0.11	0	0
0.12	0	0
0.13	0	0
0.14	0	0
0.15	0	0
0.16	0	0
0.17	0	0
0.18	0	0
0.19	0	0
0.2	0	0
0.21	0	0
0.22	0	0
0.23	0	0
0.24	0	0
0.25	0	0
0.26	0	0
0.27	0	0
0.28	0	0
0.29	0	0
0.3	0	0
0.31	0	0
0.32	0	0
0.33	0	0
0.34	0	0
0.35	0	0
0.36	0	0
0.37	0	0
0.38	0	0
0.39	0	0
0.4	0	0
0.41	0	0
0.42	0	0
0.43	0	0
0.44	0	0
0.45	0	0
0.46	0	0
0.47	0	0
0.48	0	0
0.49	0	0
0.5	0	0
0.51	0	0
0.52	0	0
0.53	0	0
0.54	0	0
0.55	0	0
0.56	0	0
0.57	0	0
0.58	0	0
0.59	0	0
0.6	0	0
0.61	0	0
0.62	0	0
0.63	0	0
0.64	0	0
0.65	0	0
0.66	0	0
0.67	0	0
0.68	0	0
0.69	0	0
0.7	0	0
0.71	0	0
0.72	0	0
0.73	0	0
0.74	0	0
0.75	0	0
0.76	0	0
0.77	0	0
0.78	0	0
0.79	0	0
0.8	0	0
0.81	0	0
0.82	0	0
0.83	0	0
0.84	0	0
0.85	0	0
0.86	0	0
0.87	0	0
0.88	0	0
0.89	0	0
0.9	0	0
0.91	0	0
0.92	0	0
0.93	0	0
0.94	0	0
0.95	0	0
0.96	0	0
0.97	0	0
0.98	0	0
0.99	0	0
1	0	0
1.01	0	0
1.02	0	0
1.03	0	0
1.04	0	0
1.05	0	0
1.06	0	0
1.07	0	0
1.08	0	0
1.09	0	0
1.1	0	0
1.11	0	0
1.12	0	0
1.13	0	0
1.14	0	0
1.15	0	0
1.16	0	0
1.17	0	0
1.18	0	0
1.19	0	0
1.2	0	0
1.21	0	0
1.22	0	0
1.23	0	0
1.24	0	0
1.25	0	0
1.26	0	0
1.27	0	0
1.28	0	0
1.29	0	0
1.3	0	0
1.31	0	0
1.32	0	0
1.33	0	0
1.34	0	0
1.35	0	0
1.36	0	0
1.37	0	0
1.38	0	0
1.39	0	0
1.4	0	0
1.41	0	0
1.42	0	0
1.43	0	0
1.44	0	0
1.45	0	0
1.46	0	0
1.47	0	0
1.48	0	0
1.49	0	0
1.5	0	0
1.51	0	0
1.52	0	0
1.53	0	0
1.54	0	0
1.55	0	0
1.56	0	0
1.57	0	0
1.58	0	0
1.59	0	0
1.6	0	0
1.61	0	0
1.62	0	0
1.63	0	0
1.64	0	0
1.65	0	0
1.66	0	0
1.67	0	0
1.68	0	0
1.69	0	0
1.7	0	0
1.71	0	0
1.72	0	0
1.73	0	0
1.74	0	0
1.75	0	0
1.76	0	0
1.77	0	0
1.78	0	0
1.79	0	0
1.8	0	0
1.81	0	0
1.82	0	0
1.83	0	0
1.84	0	0
1.85	0	0
1.86	0	0
1.87	0	0
1.88	0	0
1.89	0	0
1.9	0	0
1.91	0	0
1.92	0	0
1.93	0	0
1.94	0	0
1.95	0	0
1.96	0	0
1.97	0	0
1.98	0	0
1.99	0	0
2	0	0
2.01	0	0
2.02	0	0
2.03	0	0
2.04	0	0
2.05	0	0
2.06	0	0
2.07	0	0
2.08	0	0
2.09	0	0
2.1	0	0
2.11	0	0
2.12	0	0
2.13	0	0
2.14	0	0
2.15	0	0
2.16	0	0
2.17	0	0
2.18	0	0
2.19	0	0
2.2	0	0
2.21	0	0
2.22	0	0
2.23	0	0
2.24	0	0
2.25	0	0
2.26	0	0
2.27	0	0
2.28	0	0
2.29	0	0
2.3	0	0
2.31	0	0
2.32	0	0
2.33	0	0
2.34	0	0
2.35	0	0
2.36	0	0
2.37	0	0
2.38	0	0
2.39	0	0
2.4	0	0
2.41	0	0
2.42	0	0
2.43	0	0
2.44	0	0
2.45	0	0
2.46	0	0
2.47	0	0
2.48	0	0
2.49	0	0
2.5	0	0
2.51	0	0
2.52	0	0
2.53	0	0
2.54	0	0
2.55	0	0
2.56	0	0
2.57	0	0
2.58	0	0
2.59	0	0
2.6	0	0
2.61	0	0
2.62	0	0
2.63	0	0
2.64	0	0
2.65	0	0
2.66	0	0
2.67	0	0
2.68	0	0
2.69	0	0
2.7	0	0
2.71	0	0
2.72	0	0
2.73	0	0
2.74	0	0
2.75	0	0
2.76	0	0
2.77	0	0
2.78	0	0
2.79	0	0
2.8	0	0
2.81	0	0
2.82	0	0
2.83	0	0
2.84	0	0
2.85	0	0
2.86	0	0
2.87	0	0
2.88	0	0
2.89	0	0
2.9	0	0
2.91	0	0
2.92	0	0
2.93	0	0
2.94	0	0
2.95	0	0
2.96	0	0
2.97	0	0
2.98	0	0
2.99	0	0
3	0	0
3.01	0	0
3.02	0	0
3.03	0	0
3.04	0	0
3.05	0	0
3.06	0	0
3.07	0	0
3.08	0	0
3.09	0	0
3.1	0	0
3.11	0	0
3.12	0	0
3.13	0	0
3.14	0	0
3.15	0	0
3.16	0	0
3.17	0	0
3.18	0	0
3.19	0	0
3.2	0	0
3.21	0	0
3.22	0	0
3.23	0	0
3.24	0	0
3.25	0	0
3.26	0	0
3.27	0	0
3.28	0	0
3.29	0	0
3.3	0	0
3.31	0	0
3.32	0	0
3.33	0	0
3.34	0	0
3.35	0	0
3.36	0	0
3.37	0	0
3.38	0	0
3.39	0	0
3.4	0	0
3.41	0	0
3.42	0	0
3.43	0	0
3.44	0	0
3.45	0	0
3.46	0	0
3.47	0	0
3.48	0	0
3.49	0	0
3.5	0	0
3.51	0	0
3.52	0	0
3.53	0	0
3.54	0	0
3.55	0	0
3.56	0	0
3.57	0	0
3.58	0	0
3.59	0	0
3.6	0	0
3.61	0	0
3.62	0	0
3.63	0	0
3.64	0	0
3.65	0	0
3.66	0	0
3.67	0	0
3.68	0	0
3.69	0	0
3.7	0	0
3.71	0	0
3.72	0	0
3.73	0	0
3.74	0	0
3.75	0	0
3.76	0	0
3.77	0	0
3.78	0	0
3.79	0	0
3.8	0	0
3.81	0	0
3.82	0	0
3.83	0	0
3.84	0	0
3.85	0	0
3.86	0	0
3.87	0	0
3.88	0	0
3.89	0	0
3.9	0	0
3.91	0	0
3.92	0	0
3.93	0	0
3.94	0	0
3.95	0	0
3.96	0	0
3.97	0	0
3.98	0	0
3.99	0	0
4	0	0
4.01	0	0
4.02	0	0
4.03	0	0
4.04	0	0
4.05	0	0
4.06	0	0
4.07	0	0
4.08	0	0
4.09	0	0
4.1	0	0
4.11	0	0
4.12	0	0
4.13	0	0
4.14	0	0
4.15	0	0
4.16	0	0
4.17	0	0
4.18	0	0
4.19	0	0
4.2	0	0
4.21	0	0
4.22	0	0
4.23	0	0
4.24	0	0
4.25	0	0
4.26	0	0
4.27	0	0
4.28	0	0
4.29	0	0
4.3	0	0
4.31	0	0
4.32	0	0
4.33	0	0
4.34	0	0
4.35	0	0
4.36	0	0
4.37	0	0
4.38	0	0
4.39	0	0
4.4	0	0
4.41	0	0
4.42	0	0
4.43	0	0
4.44	0	0
4.45	0	0
4.46	0	0
4.47	0	0
4.48	0	0
4.49	0	0
4.5	0	0
4.51	0	0
4.52	0	0
4.53	0	0
4.54	0	0
4.55	0	0
4.56	0	0
4.57	0	0
4.58	0	0
4.59	0	0
4.6	0	0
4.61	0	0
4.62	0	0
4.63	0	0
4.64	0	0
4.65	0	0
4.66	0	0
4.67	0	0
4.68	0	0
4.69	0	0
4.7	0	0
4.71	0	0
4.72	0	0
4.73	0	0
4.74	0	0
4.75	0	0
4.76	0	0
4.77	0	0
4.78	0	0
4.79	0	0
4.8	0	0
4.81	0	0
4.82	0	0
4.83	0	0
4.84	0	0
4.85	0	0
4.86	0	0
4.87	0	0
4.88	0	0
4.89	0	0
4.9	0	0
4.91	0	0
4.92	0	0
4.93	0	0
4.94	0	0
4.95	0	0
4.96	0	0
4.97	0	0
4.98	0	0
4.99	0	0
5	0	0
5.01	0	0
5.02	0	0
5.03	0	0
5.04	0	0
5.05	0	0
5.06	0	0
5.07	0	0
5.08	0	0
5.09	0	0
5.1	0	0
5.11	0	0
5.12	0	0
5.13	0	0
5.14	0	0
5.15	0	0
5.16	0	0
5.17	0	0
5.18	0	0
5.19	0	0
5.2	0	0
5.21	0	0
5.22	0	0
5.23	0	0
5.24	0	0
5.25	0	0
5.26	0	0
5.27	0	0
5.28	0	0
5.29	0	0
5.3	0	0
5.31	0	0
5.32	0	0
5.33	0	0
5.34	0	0
5.35	0	0
5.36	0	0
5.37	0	0
5.38	0	0
5.39	0	0
5.4	0	0
5.41	0	0
5.42	0	0
5.43	0	0
5.44	0	0
5.45	0	0
5.46	0	0
5.47	0	0
5.48	0	0
5.49	0	0
5.5	0	0
5.51	0	0
5.52	0	0
5.53	0	0
5.54	0	0
5.55	0	0
5.56	0	0
5.57	0	0
5.58	0	0
5.59	0	0
5.6	0	0
5.61	0	0
5.62	0	0
5.63	0	0
5.64	0	0
5.65	0	0
5.66	0	0
5.67	0	0
5.68	0	0
5.69	0	0
5.7	0	0
5.71	0	0
5.72	0	0
5.73	0	0
5.74	0	0
5.75	0	0
5.76	0	0
5.77	0	0
5.78	0	0
5.79	0	0
5.8	0	0
5.81	0	0
5.82	0	0
5.83	0	0
5.84	0	0
5.85	0	0
5.86	0	0
5.87	0	0
5.88	0	0
5.89	0	0
5.9	0	0
5.91	0	0
5.92	0	0
5.93	0	0
5.94	0	0
5.95	0	0
5.96	0	0
5.97	0	0
5.98	0	0
5.99	0	0
6	0	0
6.01	0	0
6.02	0	0
6.03	0	0
6.04	0	0
6.05	0	0
6.06	0	0
6.07	0	0
6.08	0	0
6.09	0	0
6.1	0	0
6.11	0	0
6.12	0	0
6.13	0	0
6.14	0	0
6.15	0	0
6.16	0	0
6.17	0	0
6.18	0	0
6.19	0	0
6.2	0	0
6.21	0	0
6.22	0	0
6.23	0	0
6.24	0	0
6.25	0	0
6.26	0	0
6.27	0	0
6.28	0	0
6.29	0	0
6.3	0	0
6.31	0	0
6.32	0	0
6.33	0	0
6.34	0	0
6.35	0	0
6.36	0	0
6.37	0	0
6.38	0	0
6.39	0	0
6.4	0	0
6.41	0	0
6.42	0	0
6.43	0	0
6.44	0	0
6.45	0	0
6.46	0	0
6.47	0	0
6.48	0	0
6.49	0	0
6.5	0	0
6.51	0	0
6.52	0	0
6.53	0	0
6.54	0	0
6.55	0	0
6.56	0	0
6.57	0	0
6.58	0	0
6.59	0	0
6.6	0	0
6.61	0	0
6.62	0	0
6.63	0	0
6.64	0	0
6.65	0	0
6.66	0	0
6.67	0	0
6.68	0	0
6.69	0	0
6.7	0	0
6.71	0	0
6.72	0	0
6.73	0	0
6.74	0	0
6.75	0	0
6.76	0	0
6.77	0	0
6.78	0	0
6.79	0	0
6.8	0	0
6.81	0	0
6.82	0	0
6.83	0	0
6.84	0	0
6.85	0	0
6.86	0	0
6.87	0	0
6.88	0	0
6.89	0	0
6.9	0	0
6.91	0	0
6.92	0	0
6.93	0	0
6.94	0	0
6.95	0	0
6.96	0	0
6.97	0	0
6.98	0	0
6.99	0	0
7	0	0
7.01	0	0
7.02	0	0
7.03	0	0
7.04	0	0
7.05	0	0
7.06	0	0
7.07	0	0
7.08	0	0
7.09	0	0
7.1	0	0
7.11	0	0
7.12	0	0
7.13	0	0
7.14	0	0
7.15	0	0
7.16	0	0
7.17	0	0
7.18	0	0
7.19	0	0
7.2	0	0
7.21	0	0
7.22	0	0
7.23	0	0
7.24	0	0
7.25	0	0
7.26	0	0
7.27	0	0
7.28	0	0
7.29	0	0
7.3	0	0
7.31	0	0
7.32	0	0
7.33	0	0
7.34	0	0
7.35	0	0
7.36	0	0
7.37	0	0
7.38	0	0
7.39	0	0
7.4	0	0
7.41	0	0
7.42	0	0
7.43	0	0
7.44	0	0
7.45	0	0
7.46	0	0
7.47	0	0
7.48	0	0
7.49	0	0
7.5	0	0
7.51	0	0
7.52	0	0
7.53	0	0
7.54	0	0
7.55	0	0
7.56	0	0
7.57	0	0
7.58	0	0
7.59	0	0
7.6	0	0
7.61	0	0
7.62	0	0
7.63	0	0
7.64	0	0
7.65	0	0
7.66	0	0
7.67	0	0
7.68	0	0
7.69	0	0
7.7	0	0
7.71	0	0
7.72	0	0
7.73	0	0
7.74	0	0
7.75	0	0
7.76	0	0
7.77	0	0
7.78	0	0
7.79	0	0
7.8	0	0
7.81	0	0
7.82	0	0
7.83	0	0
7.84	0	0
7.85	0	0
7.86	0	0
7.87	0	0
7.88	0	0
7.89	0	0
7.9	0	0
7.91	0	0
7.92	0	0
7.93	0	0
7.94	0	0
7.95	0	0
7.96	0	0
7.97	0	0
7.98	0	0
7.99	0	0
8	0	0
8.01	0	0
8.02	0	0
8.03	0	0
8.04	0	0
8.05	0	0
8.06	0	0
8.07	0	0
8.08	0	0
8.09	0	0
8.1	0	0
8.11	0	0
8.12	0	0
8.13	0	0
8.14	0	0
8.15	0	0
8.16	0	0
8.17	0	0
8.18	0	0
8.19	0	0
8.2	0	0
8.21	0	0
8.22	0	0
8.23	0	0
8.24	0	0
8.25	0	0
8.26	0	0
8.27	0	0
8.28	0	0
8.29	0	0
8.3	0	0
8.31	0	0
8.32	0	0
8.33	0	0
8.34	0	0
8.35	0	0
8.36	0	0
8.37	0	0
8.38	0	0
8.39	0	0
8.4	0	0
8.41	0	0
8.42	0	0
8.43	0	0
8.44	0	0
8.45	0	0
8.46	0	0
8.47	0	0
8.48	0	0
8.49	0	0
8.5	0	0
8.51	0	0
8.52	0	0
8.53	0	0
8.54	0	0
8.55	0	0
8.56	0	0
8.57	0	0
8.58	0	0
8.59	0	0
8.6	0	0
8.61	0	0
8.62	0	0
8.63	0	0
8.64	0	0
8.65	0	0
8.66	0	0
8.67	0	0
8.68	0	0
8.69	0	0
8.7	0	0
8.71	0	0
8.72	0	0
8.73	0	0
8.74	0	0
8.75	0	0
8.76	0	0
8.77	0	0
8.78	0	0
8.79	0	0
8.8	0	0
8.81	0	0
8.82	0	0
8.83	0	0
8.84	0	0
8.85	0	0
8.86	0	0
8.87	0	0
8.88	0	0
8.89	0	0
8.9	0	0
8.91	0	0
8.92	0	0
8.93	0	0
8.94	0	0
8.95	0	0
8.96	0	0
8.97	0	0
8.98	0	0
8.99	0	0
9	0	0
9.01	0	0
9.02	0	0
9.03	0	0
9.04	0	0
9.05	0	0
9.06	0	0
9.07	0	0
9.08	0	0
9.09	0	0
9.1	0	0
9.11	0	0
9.12	0	0
9.13	0	0
9.14	0	0
9.15	0	0
9.16	0	0
9.17	0	0
9.18	0	0
9.19	0	0
9.2	0	0
9.21	0	0
9.22	0	0
9.23	0	0
9.24	0	0
9.25	0	0
9.26	0	0
9.27	0	0
9.28	0	0
9.29	0	0
9.3	0	0
9.31	0	0
9.32	0	0
9.33	0	0
9.34	0	0
9.35	0	0
9.36	0	0
9.37	0	0
9.38	0	0
9.39	0	0
9.4	0	0
9.41	0	0
9.42	0	0
9.43	0	0
9.44	0	0
9.45	0	0
9.46	0	0
9.47	0	0
9.48	0	0
9.49	0	0
9.5	0	0
9.51	0	0
9.52	0	0
9.53	0	0
9.54	0	0
9.55	0	0
9.56	0	0
9.57	0	0
9.58	0	0
9.59	0	0
9.6	0	0
9.61	0	0
9.62	0	0
9.63	0	0
9.64	0	0
9.65	0	0
9.66	0	0
9.67	0	0
9.68	0	0
9.69	0	0
9.7	0	0
9.71	0	0
9.72	0	0
9.73	0	0
9.74	0	0
9.75	0	0
9.76	0	0
9.77	0	0
9.78	0	0
9.79	0	0
9.8	0	0
9.81	0	0
9.82	0	0
9.83	0	0
9.84	0	0
9.85	0	0
9.86	0	0
9.87	0	0
9.88	0	0
9.89	0	0
9.9	0	0
9.91	0	0
9.92	0	0
9.93	0	0
9.94	0	0
9.95	0	0
9.96	0	0
9.97	0	0
9.98	0	0
9.99	0	0
10	0	0
10.01	0	0
10.02	0	0
10.03	0	0
10.04	0	0
10.05	0	0
10.06	0	0
10.07	0	0
10.08	0	0
10.09	0	0
10.1	0	0
10.11	0	0
10.12	0	0
10.13	0	0
10.14	0	0
10.15	0	0
10.16	0	0
10.17	0	0
10.18	0	0
10.19	0	0
10.2	0	0
10.21	0	0
10.22	0	0
10.23	0	0
10.24	0	0
10.25	0	0
10.26	0	0
10.27	0	0
10.28	0	0
10.29	0	0
10.3	0	0
10.31	0	0
10.32	0	0
10.33	0	0
10.34	0	0
10.35	0	0
10.36	0	0
10.37	0	0
10.38	0	0
10.39	0	0
10.4	0	0
10.41	0	0
10.42	0	0
10.43	0	0
10.44	0	0
10.45	0	0
10.46	0	0
10.47	0	0
10.48	0	0
10.49	0	0
10.5	0	0
10.51	0	0
10.52	0	0
10.53	0	0
10.54	0	0
10.55	0	0
10.56	0	0
10.57	0	0
10.58	0	0
10.59	0	0
10.6	0	0
10.61	0	0
10.62	0	0
10.63	0	0
10.64	0	0
10.65	0	0
10.66	0	0
10.67	0	0
10.68	0	0
10.69	0	0
10.7	0	0
10.71	0	0
10.72	0	0
10.73	0	0
10.74	0	0
10.75	0	0
10.76	0	0
10.77	0	0
10.78	0	0
10.79	0	0
10.8	0	0
10.81	0	0
10.82	0	0
10.83	0	0
10.84	0	0
10.85	0	0
------------check if interpolation works-----------
0	2.06729	-79.6366	0
0.0221429	2.02346	-79.7243	-3.95944
0.0442857	1.98058	-79.8119	-3.95872
0.0664286	1.93865	-79.8996	-3.95801
0.0885714	1.89764	-79.9872	-3.95732
0.110714	1.85752	-80.0748	-3.95665
0.132857	1.81829	-80.1624	-3.95597
0.155	1.77992	-80.25	-3.95529
0.177143	1.74239	-80.3376	-3.95463
0.199286	1.70568	-80.4252	-3.95399
0.221429	1.66977	-80.5127	-3.95334
0.243571	1.63464	-80.6002	-3.95268
0.265714	1.60028	-80.6877	-3.95205
0.287857	1.56667	-80.7752	-3.95148
0.31	1.53379	-80.8627	-3.95095
0.332143	1.50163	-80.9502	-3.95038
0.354286	1.47016	-81.0377	-3.94978
0.376429	1.43937	-81.1251	-3.9492
0.398571	1.40925	-81.2126	-3.94866
0.420714	1.37978	-81.3	-3.94816
0.442857	1.35095	-81.3874	-3.94766
0.465	1.32274	-81.4748	-3.94718
0.487143	1.29513	-81.5622	-3.94669
0.509286	1.26812	-81.6496	-3.94619
0.531429	1.24169	-81.737	-3.94571
0.553571	1.21582	-81.8244	-3.94526
0.575714	1.19051	-81.9117	-3.94482
0.597857	1.16574	-81.9991	-3.94439
0.62	1.14149	-82.0864	-3.94396
0.642143	1.11777	-82.1737	-3.94353
0.664286	1.09454	-82.261	-3.9431
0.686429	1.0718	-82.3483	-3.94268
0.708571	1.04956	-82.4356	-3.94228
0.730714	1.02781	-82.5229	-3.94183
0.752857	1.00648	-82.6102	-3.94126
0.775	0.985526	-82.6975	-3.94056
0.797143	0.964966	-82.7847	-3.93965
0.819286	0.944848	-82.8719	-3.93858
0.841429	0.925185	-82.9591	-3.93751
0.863571	0.905961	-83.0463	-3.93649
0.885714	0.887156	-83.1335	-3.93548
0.907857	0.868746	-83.2206	-3.93446
0.93	0.850714	-83.3077	-3.9334
0.952143	0.833068	-83.3948	-3.93222
0.974286	0.815825	-83.4818	-3.93095
0.996429	0.798972	-83.5689	-3.92981
1.01857	0.782481	-83.6559	-3.92883
1.04071	0.766332	-83.7429	-3.92778
1.06286	0.750538	-83.8298	-3.92656
1.085	0.735106	-83.9168	-3.92529
1.10714	0.720014	-84.0037	-3.92417
1.12929	0.705232	-84.0905	-3.92316
1.15143	0.690747	-84.1774	-3.92201
1.17357	0.676565	-84.2642	-3.92067
1.19571	0.662687	-84.351	-3.91923
1.21786	0.6491	-84.4378	-3.91773
1.24	0.635793	-84.5245	-3.91614
1.26214	0.622762	-84.6112	-3.91443
1.28429	0.610011	-84.6979	-3.91261
1.30643	0.597536	-84.7845	-3.91075
1.32857	0.585331	-84.8711	-3.90886
1.35071	0.573391	-84.9576	-3.90691
1.37286	0.56171	-85.0441	-3.90486
1.395	0.550283	-85.1305	-3.90274
1.41714	0.539111	-85.2169	-3.90066
1.43929	0.528198	-85.3033	-3.89861
1.46143	0.517537	-85.3896	-3.89653
1.48357	0.507108	-85.4758	-3.89441
1.50571	0.496893	-85.562	-3.89222
1.52786	0.486895	-85.6482	-3.88992
1.55	0.477121	-85.7343	-3.88756
1.57214	0.467573	-85.8204	-3.88527
1.59429	0.458247	-85.9064	-3.8831
1.61643	0.449136	-85.9923	-3.88093
1.63857	0.440221	-86.0782	-3.87869
1.66071	0.431485	-86.1641	-3.87637
1.68286	0.422925	-86.2499	-3.87386
1.705	0.414546	-86.3357	-3.87119
1.72714	0.406347	-86.4213	-3.86833
1.74929	0.398319	-86.507	-3.8653
1.77143	0.390451	-86.5925	-3.86217
1.79357	0.382753	-86.678	-3.85906
1.81571	0.375236	-86.7634	-3.85598
1.83786	0.3679	-86.8488	-3.85269
1.86	0.360726	-86.934	-3.84916
1.88214	0.353697	-87.0192	-3.84548
1.90429	0.346811	-87.1043	-3.84181
1.92643	0.340074	-87.1894	-3.83814
1.94857	0.333488	-87.2743	-3.83423
1.97071	0.327059	-87.3592	-3.83005
1.99286	0.320787	-87.4439	-3.82581
2.015	0.314663	-87.5286	-3.8218
2.03714	0.308673	-87.6132	-3.81798
2.05929	0.302812	-87.6977	-3.81393
2.08143	0.297079	-87.7821	-3.80955
2.10357	0.291474	-87.8664	-3.80497
2.12571	0.28599	-87.9506	-3.80038
2.14786	0.280619	-88.0347	-3.79579
2.17	0.275365	-88.1187	-3.79092
2.19214	0.270264	-88.2026	-3.78567
2.21429	0.265343	-88.2863	-3.78046
2.23643	0.260581	-88.37	-3.77664
2.25857	0.255932	-88.4536	-3.7742
2.28071	0.251361	-88.5371	-3.77202
2.30286	0.246864	-88.6206	-3.76866
2.325	0.242443	-88.704	-3.7642
2.34714	0.238103	-88.7873	-3.75944
2.36929	0.233856	-88.8705	-3.75478
2.39143	0.229712	-88.9536	-3.7502
2.41357	0.225671	-89.0366	-3.74573
2.43571	0.221723	-89.1195	-3.74138
2.45786	0.217862	-89.2023	-3.73695
2.48	0.214072	-89.285	-3.732
2.50214	0.21034	-89.3676	-3.72655
2.52429	0.20666	-89.45	-3.72074
2.54643	0.203057	-89.5323	-3.71468
2.56857	0.199562	-89.6145	-3.70842
2.59071	0.196191	-89.6966	-3.7027
2.61286	0.192944	-89.7785	-3.69787
2.635	0.189815	-89.8603	-3.69382
2.65714	0.186796	-89.9421	-3.69075
2.67929	0.183868	-90.0238	-3.68867
2.70143	0.181018	-90.1055	-3.68752
2.72357	0.178244	-90.1871	-3.68759
2.74571	0.175565	-90.2688	-3.68896
2.76786	0.172998	-90.3505	-3.69152
2.79	0.170548	-90.4323	-3.69499
2.81214	0.168175	-90.5141	-3.69915
2.83429	0.16584	-90.5961	-3.70394
2.85643	0.163508	-90.6782	-3.70928
2.87857	0.161167	-90.7604	-3.71479
2.90071	0.158837	-90.8427	-3.72042
2.92286	0.156538	-90.9251	-3.72615
2.945	0.154283	-91.0077	-3.73223
2.96714	0.152066	-91.0904	-3.73883
2.98929	0.149881	-91.1733	-3.74598
3.01143	0.147718	-91.2563	-3.75358
3.03357	0.145572	-91.3395	-3.76148
3.05571	0.143436	-91.4229	-3.76965
3.07786	0.141302	-91.5065	-3.77809
3.1	0.139172	-91.5902	-3.7866
3.12214	0.13705	-91.6741	-3.79512
3.14429	0.134946	-91.7583	-3.80362
3.16643	0.132859	-91.8426	-3.81179
3.18857	0.130772	-91.9271	-3.81947
3.21071	0.128668	-92.0117	-3.82662
3.23286	0.126542	-92.0965	-3.83417
3.255	0.124433	-92.1815	-3.84271
3.27714	0.122386	-92.2667	-3.85201
3.29929	0.120407	-92.3521	-3.86115
3.32143	0.11844	-92.4377	-3.86958
3.34357	0.116425	-92.5235	-3.87708
3.36571	0.11433	-92.6094	-3.88328
3.38786	0.112202	-92.6954	-3.88801
3.41	0.110105	-92.7816	-3.89145
3.43214	0.108053	-92.8678	-3.89478
3.45429	0.106028	-92.9541	-3.8981
3.47643	0.104021	-93.0404	-3.90124
3.49857	0.102035	-93.1268	-3.90408
3.52071	0.100073	-93.2133	-3.90664
3.54286	0.0981393	-93.2998	-3.90903
3.565	0.0962329	-93.3864	-3.91126
3.58714	0.0943535	-93.473	-3.91322
3.60929	0.0925019	-93.5597	-3.9148
3.63143	0.090679	-93.6464	-3.91609
3.65357	0.0888853	-93.7331	-3.91729
3.67571	0.0871208	-93.8199	-3.91844
3.69786	0.0853858	-93.9067	-3.91946
3.72	0.0836804	-93.9935	-3.92029
3.74214	0.0820049	-94.0803	-3.92094
3.76429	0.0803593	-94.1671	-3.92138
3.78643	0.0787435	-94.2539	-3.92163
3.80857	0.0771575	-94.3408	-3.92183
3.83071	0.0756011	-94.4276	-3.92203
3.85286	0.0740741	-94.5145	-3.9222
3.875	0.0725764	-94.6013	-3.92226
3.89714	0.0711076	-94.6882	-3.92223
3.91929	0.0696676	-94.775	-3.92207
3.94143	0.068256	-94.8619	-3.92179
3.96357	0.0668725	-94.9487	-3.92144
3.98571	0.0655168	-95.0355	-3.92105
4.00786	0.0641885	-95.1223	-3.92066
4.03	0.0628871	-95.2092	-3.92035
4.05214	0.0616123	-95.296	-3.92011
4.07429	0.0603636	-95.3828	-3.91973
4.09643	0.0591407	-95.4695	-3.91917
4.11857	0.0579431	-95.5563	-3.9186
4.14071	0.0567703	-95.6431	-3.91814
4.16286	0.055622	-95.7298	-3.91778
4.185	0.0544976	-95.8166	-3.91738
4.20714	0.0533967	-95.9033	-3.91696
4.22929	0.0523189	-95.9901	-3.91662
4.25143	0.0512636	-96.0768	-3.91641
4.27357	0.0502303	-96.1635	-3.91623
4.29571	0.0492187	-96.2502	-3.91593
4.31786	0.0482283	-96.3369	-3.91555
4.34	0.0472587	-96.4236	-3.91533
4.36214	0.0463093	-96.5103	-3.9153
4.38429	0.0453798	-96.597	-3.91538
4.40643	0.0444696	-96.6837	-3.91549
4.42857	0.0435783	-96.7704	-3.9156
4.45071	0.0427055	-96.8571	-3.91563
4.47286	0.0418509	-96.9438	-3.91559
4.495	0.0410138	-97.0305	-3.91581
4.51714	0.040194	-97.1172	-3.91643
4.53929	0.039391	-97.204	-3.91723
4.56143	0.0386044	-97.2907	-3.9178
4.58357	0.0378337	-97.3775	-3.91819
4.60571	0.0370787	-97.4642	-3.91873
4.62786	0.036339	-97.551	-3.91949
4.65	0.0356141	-97.6378	-3.92039
4.67214	0.0349037	-97.7246	-3.92137
4.69429	0.0342075	-97.8115	-3.92242
4.71643	0.033525	-97.8983	-3.92356
4.73857	0.0328559	-97.9852	-3.9248
4.76071	0.0322	-98.0721	-3.9261
4.78286	0.0315569	-98.1591	-3.92743
4.805	0.0309263	-98.2461	-3.92881
4.82714	0.0303078	-98.3331	-3.93032
4.84929	0.0297012	-98.4201	-3.93195
4.87143	0.0291062	-98.5072	-3.93359
4.89357	0.0285225	-98.5943	-3.93523
4.91571	0.0279499	-98.6815	-3.93691
4.93786	0.0273881	-98.7687	-3.93869
4.96	0.0268367	-98.8559	-3.94058
4.98214	0.0262957	-98.9432	-3.94255
5.00429	0.0257647	-99.0305	-3.94461
5.02643	0.0252436	-99.1179	-3.94666
5.04857	0.0247321	-99.2053	-3.94864
5.07071	0.0242299	-99.2928	-3.9506
5.09286	0.023737	-99.3803	-3.95267
5.115	0.0232531	-99.4678	-3.95482
5.13714	0.022778	-99.5554	-3.95687
5.15929	0.0223116	-99.643	-3.95875
5.18143	0.0218537	-99.7307	-3.96066
5.20357	0.0214042	-99.8184	-3.96284
5.22571	0.0209628	-99.9062	-3.96514
5.24786	0.0205294	-99.994	-3.96712
5.27	0.020104	-100.082	-3.96876
5.29214	0.0196863	-100.17	-3.97048
5.31429	0.0192763	-100.258	-3.97242
5.33643	0.0188738	-100.346	-3.97443
5.35857	0.0184787	-100.434	-3.97637
5.38071	0.0180909	-100.522	-3.97819
5.40286	0.0177103	-100.61	-3.97972
5.425	0.0173369	-100.698	-3.98101
5.44714	0.0169704	-100.786	-3.98241
5.46929	0.0166108	-100.874	-3.98401
5.49143	0.016258	-100.963	-3.98555
5.51357	0.015912	-101.051	-3.98683
5.53571	0.0155726	-101.139	-3.98796
5.55786	0.0152398	-101.228	-3.98911
5.58	0.0149134	-101.316	-3.99025
5.60214	0.0145934	-101.404	-3.99123
5.62429	0.0142797	-101.493	-3.99207
5.64643	0.0139723	-101.581	-3.99287
5.66857	0.013671	-101.669	-3.99369
5.69071	0.0133757	-101.758	-3.99442
5.71286	0.0130864	-101.846	-3.99497
5.735	0.0128031	-101.935	-3.99547
5.75714	0.0125255	-102.023	-3.99612
5.77929	0.0122536	-102.112	-3.99683
5.80143	0.0119873	-102.2	-3.99723
5.82357	0.0117266	-102.289	-3.99734
5.84571	0.0114714	-102.377	-3.99762
5.86786	0.0112215	-102.466	-3.99816
5.89	0.0109769	-102.554	-3.99855
5.91214	0.0107375	-102.643	-3.99857
5.93429	0.0105031	-102.731	-3.99856
5.95643	0.0102738	-102.82	-3.99889
5.97857	0.0100495	-102.909	-3.99936
6.00071	0.00983009	-102.997	-3.99945
6.02286	0.00961531	-103.086	-3.99926
6.045	0.00940509	-103.174	-3.99929
6.06714	0.00919939	-103.263	-3.99955
6.08929	0.00899816	-103.351	-3.99967
6.11143	0.00880131	-103.44	-3.99956
6.13357	0.00860874	-103.528	-3.9995
6.15571	0.00842035	-103.617	-3.99969
6.17786	0.00823606	-103.706	-3.99988
6.2	0.0080558	-103.794	-3.99973
6.22214	0.00787947	-103.883	-3.99945
6.24429	0.00770701	-103.971	-3.99948
6.26643	0.0075383	-104.06	-3.99978
6.28857	0.00737326	-104.148	-3.99995
6.31071	0.00721184	-104.237	-3.99994
6.33286	0.00705395	-104.326	-3.99986
6.355	0.00689952	-104.414	-3.99975
6.37714	0.00674847	-104.503	-3.99967
6.39929	0.00660073	-104.591	-3.99966
6.42143	0.00645623	-104.68	-3.99968
6.44357	0.00631488	-104.768	-3.99969
6.46571	0.00617663	-104.857	-3.9997
6.48786	0.00604141	-104.946	-3.99967
6.51	0.00590915	-105.034	-3.99963
6.53214	0.00577979	-105.123	-3.99961
6.55429	0.00565327	-105.211	-3.99963
6.57643	0.00552951	-105.3	-3.99962
6.59857	0.00540846	-105.388	-3.99958
6.62071	0.00529007	-105.477	-3.99955
6.64286	0.00517427	-105.565	-3.99955
6.665	0.00506101	-105.654	-3.99956
6.68714	0.00495022	-105.743	-3.99954
6.70929	0.00484187	-105.831	-3.99951
6.73143	0.00473589	-105.92	-3.99947
6.75357	0.00463223	-106.008	-3.99945
6.77571	0.00453084	-106.097	-3.99942
6.79786	0.00443168	-106.185	-3.99939
6.82	0.00433468	-106.274	-3.99936
6.84214	0.00423982	-106.362	-3.99933
6.86429	0.00414703	-106.451	-3.99931
6.88643	0.00405628	-106.54	-3.99926
6.90857	0.00396751	-106.628	-3.99923
6.93071	0.00388069	-106.717	-3.99924
6.95286	0.00379577	-106.805	-3.99924
6.975	0.00371272	-106.894	-3.99912
6.99714	0.00363148	-106.982	-3.9989
7.01929	0.00355203	-107.071	-3.99881
7.04143	0.00347432	-107.159	-3.99887
7.06357	0.00339831	-107.248	-3.99899
7.08571	0.00332396	-107.337	-3.99913
7.10786	0.00325124	-107.425	-3.99916
7.13	0.00318012	-107.514	-3.99898
7.15214	0.00311056	-107.602	-3.99874
7.17429	0.00304253	-107.691	-3.99866
7.19643	0.00297598	-107.779	-3.99869
7.21857	0.0029109	-107.868	-3.99865
7.24071	0.00284724	-107.956	-3.99853
7.26286	0.00278498	-108.045	-3.99844
7.285	0.00272408	-108.133	-3.9984
7.30714	0.00266452	-108.222	-3.99835
7.32929	0.00260627	-108.311	-3.99826
7.35143	0.00254929	-108.399	-3.99816
7.37357	0.00249357	-108.488	-3.99808
7.39571	0.00243907	-108.576	-3.998
7.41786	0.00238576	-108.665	-3.9979
7.44	0.00233363	-108.753	-3.99781
7.46214	0.00228263	-108.842	-3.99774
7.48429	0.00223276	-108.93	-3.99769
7.50643	0.00218398	-109.019	-3.99756
7.52857	0.00213627	-109.107	-3.99734
7.55071	0.00208961	-109.196	-3.99722
7.57286	0.00204397	-109.284	-3.9973
7.595	0.00199934	-109.373	-3.99735
7.61714	0.00195568	-109.461	-3.99709
7.63929	0.00191299	-109.55	-3.9967
7.66143	0.00187123	-109.638	-3.9966
7.68357	0.00183039	-109.727	-3.99671
7.70571	0.00179045	-109.815	-3.9966
7.72786	0.00175138	-109.904	-3.99626
7.75	0.00171318	-109.992	-3.99591
7.77214	0.00167582	-110.081	-3.99565
7.79429	0.00163927	-110.169	-3.99555
7.81643	0.00160353	-110.258	-3.99568
7.83857	0.00156858	-110.346	-3.99575
7.86071	0.00153439	-110.435	-3.99534
7.88286	0.00150096	-110.523	-3.9947
7.905	0.00146826	-110.612	-3.99449
7.92714	0.00143628	-110.7	-3.99465
7.94929	0.00140501	-110.788	-3.99459
7.97143	0.00137442	-110.877	-3.99423
7.99357	0.00134451	-110.965	-3.99388
8.01571	0.00131526	-111.054	-3.99366
8.03786	0.00128665	-111.142	-3.99339
8.06	0.00125868	-111.231	-3.99289
8.08214	0.00123132	-111.319	-3.99237
8.10429	0.00120457	-111.407	-3.99217
8.12643	0.0011784	-111.496	-3.99217
8.14857	0.00115281	-111.584	-3.99193
8.17071	0.00112779	-111.673	-3.99144
8.19286	0.00110332	-111.761	-3.99101
8.215	0.00107939	-111.849	-3.9907
8.23714	0.00105599	-111.938	-3.99042
8.25929	0.00103311	-112.026	-3.9901
8.28143	0.00101073	-112.114	-3.98971
8.30357	0.000988846	-112.203	-3.9892
8.32571	0.000967449	-112.291	-3.98864
8.34786	0.000946526	-112.379	-3.98815
8.37	0.000926066	-112.468	-3.98773
8.39214	0.00090606	-112.556	-3.98725
8.41429	0.000886497	-112.644	-3.9867
8.43643	0.000867369	-112.733	-3.98618
8.45857	0.000848665	-112.821	-3.98572
8.48071	0.000830377	-112.909	-3.98524
8.50286	0.000812495	-112.997	-3.98466
8.525	0.000795011	-113.086	-3.98401
8.54714	0.000777916	-113.174	-3.98329
8.56929	0.000761202	-113.262	-3.98255
8.59143	0.00074486	-113.35	-3.98193
8.61357	0.000728881	-113.438	-3.98144
8.63571	0.000713259	-113.526	-3.98084
8.65786	0.000697986	-113.615	-3.98004
8.68	0.000683054	-113.703	-3.97921
8.70214	0.000668456	-113.791	-3.97851
8.72429	0.000654184	-113.879	-3.97785
8.74643	0.000640232	-113.967	-3.97703
8.76857	0.000626591	-114.055	-3.97608
8.79071	0.000613257	-114.143	-3.97511
8.81286	0.000600222	-114.231	-3.97413
8.835	0.00058748	-114.319	-3.97326
8.85714	0.000575023	-114.407	-3.97254
8.87929	0.000562846	-114.495	-3.97178
8.90143	0.000550943	-114.583	-3.97075
8.92357	0.000539308	-114.671	-3.96954
8.94571	0.000527936	-114.759	-3.96841
8.96786	0.00051682	-114.847	-3.96735
8.99	0.000505955	-114.934	-3.96635
9.01214	0.000495335	-115.022	-3.9654
9.03429	0.000484955	-115.11	-3.96438
9.05643	0.00047481	-115.198	-3.96321
9.07857	0.000464894	-115.285	-3.96196
9.10071	0.000455203	-115.373	-3.96073
9.12286	0.000445731	-115.461	-3.95952
9.145	0.000436475	-115.549	-3.9583
9.16714	0.000427428	-115.636	-3.95707
9.18929	0.000418587	-115.724	-3.95582
9.21143	0.000409947	-115.811	-3.95452
9.23357	0.000401503	-115.899	-3.95319
9.25571	0.000393251	-115.986	-3.95184
9.27786	0.000385187	-116.074	-3.95049
9.3	0.000377307	-116.161	-3.94913
9.32214	0.000369606	-116.249	-3.94777
9.34429	0.000362081	-116.336	-3.94638
9.36643	0.000354727	-116.424	-3.94496
9.38857	0.000347541	-116.511	-3.94352
9.41071	0.000340518	-116.598	-3.94209
9.43286	0.000333656	-116.686	-3.94067
9.455	0.00032695	-116.773	-3.93922
9.47714	0.000320398	-116.86	-3.93775
9.49929	0.000313994	-116.947	-3.93628
9.52143	0.000307736	-117.034	-3.93482
9.54357	0.000301621	-117.121	-3.93339
9.56571	0.000295645	-117.208	-3.93192
9.58786	0.000289805	-117.296	-3.93042
9.61	0.000284098	-117.383	-3.92893
9.63214	0.00027852	-117.47	-3.9275
9.65429	0.000273069	-117.556	-3.92612
9.67643	0.000267741	-117.643	-3.92471
9.69857	0.000262533	-117.73	-3.92327
9.72071	0.000257443	-117.817	-3.92185
9.74286	0.000252468	-117.904	-3.92046
9.765	0.000247605	-117.991	-3.91911
9.78714	0.000242851	-118.078	-3.91777
9.80929	0.000238203	-118.164	-3.91645
9.83143	0.00023366	-118.251	-3.91516
9.85357	0.000229217	-118.338	-3.91392
9.87571	0.000224873	-118.424	-3.91274
9.89786	0.000220625	-118.511	-3.91156
9.92	0.000216471	-118.598	-3.9104
9.94214	0.000212409	-118.684	-3.90928
9.96429	0.000208435	-118.771	-3.90824
9.98643	0.000204548	-118.857	-3.90728
10.0086	0.000200745	-118.944	-3.90634
10.0307	0.000197025	-119.03	-3.90543
10.0529	0.000193384	-119.117	-3.90455
10.075	0.000189821	-119.203	-3.90376
10.0971	0.000186335	-119.29	-3.90306
10.1193	0.000182921	-119.376	-3.90243
10.1414	0.00017958	-119.462	-3.90186
10.1636	0.000176308	-119.549	-3.90134
10.1857	0.000173104	-119.635	-3.90091
10.2079	0.000169967	-119.721	-3.90055
10.23	0.000166893	-119.808	-3.90027
10.2521	0.000163882	-119.894	-3.90009
10.2743	0.000160931	-119.981	-3.89998
10.2964	0.000158039	-120.067	-3.89997
10.3186	0.000155204	-120.153	-3.90004
10.3407	0.000152425	-120.24	-3.9002
10.3629	0.0001497	-120.326	-3.90045
10.385	0.000147027	-120.412	-3.9008
10.4071	0.000144406	-120.499	-3.90125
10.4293	0.000141833	-120.585	-3.90181
10.4514	0.000139309	-120.672	-3.90249
10.4736	0.000136831	-120.758	-3.90327
10.4957	0.000134398	-120.844	-3.90414
10.5179	0.000132009	-120.931	-3.90509
10.54	0.000129662	-121.017	-3.90616
10.5621	0.000127356	-121.104	-3.90734
10.5843	0.000125091	-121.19	-3.90864
10.6064	0.000122864	-121.277	-3.91004
10.6286	0.000120675	-121.364	-3.91153
10.6507	0.000118522	-121.45	-3.91311
10.6729	0.000116404	-121.537	-3.91481
10.695	0.000114321	-121.624	-3.91661
10.7171	0.000112271	-121.71	-3.9185
10.7393	0.000110253	-121.797	-3.92049
10.7614	0.000108267	-121.884	-3.92256
10.7836	0.00010631	-121.971	-3.92471
10.8057	0.000104384	-122.058	-3.92695
10.8279	0.000102485	-122.145	-3.92927
10.85	0.000100615	-122.232	0
10.8721	0.000100615	-122.232	0
10.8943	0.000100615	-122.232	0
10.9164	0.000100615	-122.232	0
10.9386	0.000100615	-122.232	0
10.9607	0.000100615	-122.232	0
10.9829	0.000100615	-122.232	0
11.005	0.000100615	-122.232	0
11.0271	0.000100615	-122.232	0
11.0493	0.000100615	-122.232	0
