relative difference between interpolation and data
Line No.	T[GeV]	diff h_eff	diff g_eff
1	0	0	0
2	1e-05	0	0
3	1.05e-05	0	0
4	1.1025e-05	0	0
5	1.15763e-05	0	0
6	1.21551e-05	0	0
7	1.27628e-05	0	0
8	1.3401e-05	0	0
9	1.4071e-05	0	0
10	1.47746e-05	0	0
11	1.55133e-05	0	0
12	1.62889e-05	0	0
13	1.71034e-05	0	0
14	1.79586e-05	0	0
15	1.88565e-05	0	0
16	1.97993e-05	0	0
17	2.07893e-05	0	0
18	2.18287e-05	0	0
19	2.29202e-05	0	0
20	2.40662e-05	0	0
21	2.52695e-05	0	0
22	2.6533e-05	0	0
23	2.78596e-05	0	0
24	2.92526e-05	0	0
25	3.07152e-05	0	0
26	3.2251e-05	0	0
27	3.38635e-05	0	0
28	3.55567e-05	0	0
29	3.73346e-05	0	0
30	3.92013e-05	0	0
31	4.11614e-05	0	0
32	4.32194e-05	0	0
33	4.53804e-05	0	0
34	4.76494e-05	0	0
35	5.00319e-05	0	0
36	5.25335e-05	0	0
37	5.51602e-05	0	0
38	5.79182e-05	0	0
39	6.08141e-05	0	0
40	6.38548e-05	0	0
41	6.70475e-05	0	0
42	7.03999e-05	0	0
43	7.39199e-05	0	0
44	7.76159e-05	0	0
45	8.14967e-05	0	0
46	8.55715e-05	0	0
47	8.98501e-05	0	0
48	9.43426e-05	0	0
49	9.90597e-05	0	0
50	0.000104013	0	0
51	0.000109213	0	0
52	0.000114674	0	0
53	0.000120408	0	0
54	0.000126428	0	0
55	0.000132749	0	0
56	0.000139387	0	0
57	0.000146356	0	0
58	0.000153674	0	0
59	0.000161358	0	0
60	0.000169426	0	0
61	0.000177897	0	0
62	0.000186792	0	0
63	0.000196131	0	0
64	0.000205938	0	0
65	0.000216235	0	0
66	0.000227047	0	0
67	0.000238399	0	0
68	0.000250319	0	0
69	0.000262835	0	0
70	0.000275977	0	0
71	0.000289775	0	0
72	0.000304264	0	0
73	0.000319477	0	0
74	0.000335451	0	0
75	0.000352224	0	0
76	0.000369835	0	0
77	0.000388327	0	0
78	0.000407743	0	0
79	0.00042813	0	0
80	0.000449537	0	0
81	0.000472014	0	0
82	0.000495614	0	0
83	0.000520395	0	0
84	0.000546415	0	0
85	0.000573736	0	0
86	0.000602422	0	0
87	0.000632544	0	0
88	0.000664171	0	0
89	0.000697379	0	0
90	0.000732248	0	0
91	0.000768861	0	0
92	0.000807304	0	0
93	0.000847669	0	0
94	0.000890052	0	0
95	0.000934555	0	0
96	0.000981283	0	0
97	0.00103035	0	0
98	0.00108186	0	0
99	0.00113596	0	0
100	0.00119276	0	0
101	0.00125239	0	0
102	0.00131501	0	0
103	0.00138076	0	0
104	0.0014498	0	0
105	0.00152229	0	0
106	0.00159841	0	0
107	0.00167833	0	0
108	0.00176224	0	0
109	0.00185035	0	0
110	0.00194287	0	0
111	0.00204002	0	0
112	0.00214202	0	0
113	0.00224912	0	0
114	0.00236157	0	0
115	0.00247965	0	0
116	0.00260363	0	0
117	0.00273382	0	0
118	0.00287051	0	0
119	0.00301403	0	0
120	0.00316473	0	0
121	0.00332297	0	0
122	0.00348912	0	0
123	0.00366358	0	0
124	0.00384675	0	0
125	0.00403909	0	0
126	0.00424105	0	0
127	0.0044531	0	0
128	0.00467575	0	0
129	0.00490954	0	0
130	0.00515502	0	0
131	0.00541277	0	0
132	0.00568341	0	0
133	0.00596758	0	0
134	0.00626596	0	0
135	0.00657926	0	0
136	0.00690822	0	0
137	0.00725363	0	0
138	0.00761631	0	0
139	0.00799713	0	0
140	0.00839698	0	0
141	0.00881683	0	0
142	0.00925767	0	0
143	0.00972056	0	0
144	0.0102066	0	0
145	0.0107169	0	0
146	0.0112528	0	0
147	0.0118154	0	0
148	0.0124062	0	0
149	0.0130265	0	0
150	0.0136778	0	0
151	0.0143617	0	0
152	0.0150798	0	0
153	0.0158338	0	0
154	0.0166255	0	0
155	0.0174567	0	0
156	0.0183296	0	0
157	0.019246	0	0
158	0.0202083	0	0
159	0.0212188	0	0
160	0.0222797	0	0
161	0.0233937	0	0
162	0.0245634	0	0
163	0.0257915	0	0
164	0.0270811	0	0
165	0.0284352	0	0
166	0.0298569	0	0
167	0.0313498	0	0
168	0.0329173	0	0
169	0.0345631	0	0
170	0.0362913	0	0
171	0.0381058	0	0
172	0.0400111	0	0
173	0.0420117	0	0
174	0.0441123	0	0
175	0.0463179	0	0
176	0.0486338	0	0
177	0.0510655	0	0
178	0.0536187	0	0
179	0.0562997	0	0
180	0.0591147	0	0
181	0.0620704	0	0
182	0.0651739	0	0
183	0.0684326	0	0
184	0.0718542	0	0
185	0.075447	0	0
186	0.0792193	0	0
187	0.0831803	0	0
188	0.0873393	0	0
189	0.0917062	0	0
190	0.0962916	0	0
191	0.101106	0	0
192	0.106161	0	0
193	0.11147	0	0
194	0.117043	0	0
195	0.122895	0	0
196	0.12904	0	0
197	0.135492	0	0
198	0.142266	0	0
199	0.14938	0	0
200	0.156849	0	0
201	0.164691	0	0
202	0.172926	0	0
203	0.181572	0	0
204	0.190651	0	0
205	0.200183	0	0
206	0.210192	0	0
207	0.220702	0	0
208	0.231737	0	0
209	0.243324	0	0
210	0.25549	0	0
211	0.268265	0	0
212	0.281678	0	0
213	0.295762	0	0
214	0.31055	0	0
215	0.326077	0	0
216	0.342381	0	0
217	0.3595	0	0
218	0.377475	0	0
219	0.396349	0	0
220	0.416167	0	0
221	0.436975	0	0
222	0.458824	0	0
223	0.481765	0	0
224	0.505853	0	0
225	0.531146	0	0
226	0.557703	0	0
227	0.585588	0	0
228	0.614868	0	0
229	0.645611	0	0
230	0.677891	0	0
231	0.711786	0	0
232	0.747375	0	0
233	0.784744	0	0
234	0.823981	0	0
235	0.86518	0	0
236	0.908439	0	0
237	0.953861	0	0
238	1.00155	0	0
239	1.05163	0	0
240	1.10421	0	0
241	1.15942	0	0
242	1.2174	0	0
243	1.27827	0	0
244	1.34218	0	0
245	1.40929	0	0
246	1.47975	0	0
247	1.55374	0	0
248	1.63143	0	0
249	1.713	0	0
250	1.79865	0	0
251	1.88858	0	0
252	1.98301	0	0
253	2.08216	0	0
254	2.18627	0	0
255	2.29558	0	0
256	2.41036	0	0
257	2.53088	0	0
258	2.65742	0	0
259	2.79029	0	0
260	2.92981	0	0
261	3.0763	0	0
262	3.23011	0	0
263	3.39162	0	0
264	3.5612	0	0
265	3.73926	0	0
266	3.92622	0	0
267	4.12253	0	0
268	4.32866	0	0
269	4.54509	0	0
270	4.77235	0	0
271	5.01097	0	0
272	5.26151	0	0
273	5.52459	0	0
274	5.80082	0	0
275	6.09086	0	0
276	6.3954	0	0
277	6.71517	0	0
278	7.05093	0	0
279	7.40348	0	0
280	7.77365	0	0
281	8.16234	0	0
282	8.57045	0	0
283	8.99897	0	0
284	9.44892	0	0
285	9.92137	0	0
286	10.4174	0	0
287	10.9383	0	0
288	11.4852	0	0
289	12.0595	0	0
290	12.6625	0	0
291	13.2956	0	0
292	13.9604	0	0
293	14.6584	0	0
294	15.3913	0	0
295	16.1609	0	0
296	16.9689	0	0
297	17.8174	0	0
298	18.7082	0	0
299	19.6436	0	0
300	20.6258	0	0
301	21.6571	0	0
302	22.74	0	0
303	23.877	0	0
304	25.0708	0	0
305	26.3243	0	0
306	27.6406	0	0
307	29.0226	0	0
308	30.4737	0	0
309	31.9974	0	0
310	33.5973	0	0
311	35.2771	0	0
312	37.041	0	0
313	38.8931	0	0
314	40.8377	0	0
315	42.8796	0	0
316	45.0236	0	0
317	47.2747	0	0
318	49.6385	0	0
319	52.1204	0	0
320	54.7264	0	0
321	57.4627	0	0
322	60.3359	0	0
323	63.3527	0	0
324	66.5203	0	0
325	69.8463	0	0
326	73.3386	0	0
327	77.0056	0	0
328	80.8559	0	0
329	84.8987	0	0
330	89.1436	0	0
331	93.6008	0	0
332	98.2808	0	0
333	103.195	0	0
334	108.355	0	0
335	113.772	0	0
336	119.461	0	0
337	125.434	0	0
338	131.706	0	0
339	138.291	0	0
340	145.206	0	0
341	152.466	0	0
342	160.089	0	0
343	168.094	0	0
344	176.498	0	0
345	185.323	0	0
346	194.589	0	0
347	204.319	0	0
348	214.535	0	0
349	225.261	0	0
350	236.524	0	0
351	248.351	0	0
352	260.768	0	0
353	273.807	0	0
354	287.497	0	0
355	301.872	0	0
356	316.965	0	0
357	332.814	0	0
358	349.454	0	0
359	366.927	0	0
360	385.273	0	0
361	404.537	0	0
362	424.764	0	0
363	446.002	0	0
364	468.302	0	0
365	491.717	0	0
366	516.303	0	0
367	542.118	0	0
368	569.224	0	0
369	597.686	0	0
370	627.57	0	0
371	658.948	0	0
372	691.896	0	0
373	726.491	0	0
374	762.815	0	0
375	800.956	0	0
376	841.004	0	0
377	883.054	0	0
378	927.206	0	0
379	973.567	0	0
380	1022.25	0	0
381	1073.36	0	0
382	1127.03	0	0
383	1183.38	0	0
384	1242.55	0	0
385	1304.67	0	0
386	1369.91	0	0
387	1438.4	0	0
388	1510.32	0	0
389	1585.84	0	0
390	1665.13	0	0
391	1748.39	0	0
392	1835.81	0	0
393	1927.6	0	0
394	2023.98	0	0
395	2125.17	0	0
396	2231.43	0	0
397	2343	0	0
398	2460.15	0	0
399	2583.16	0	0
400	2712.32	0	0
401	2847.94	0	0
402	2990.33	0	0
403	3139.85	0	0
404	3296.84	0	0
405	3461.68	0	0
406	3634.77	0	0
407	3816.51	0	0
408	4007.33	0	0
409	4207.7	0	0
410	4418.08	0	0
411	4638.99	0	0
412	4870.94	0	0
413	5114.49	0	0
414	5370.21	0	0
415	5638.72	0	0
416	5920.66	0	0
417	6216.69	0	0
418	6527.52	0	0
419	6853.9	0	0
420	7196.59	0	0
421	7556.42	0	0
422	7934.25	0	0
423	8330.96	0	0
424	8747.51	0	0
425	9184.88	0	0
426	9644.12	0	0
427	10126.3	3.8436e-05	3.84335e-05
428	10632.6	7.68691e-05	8.64711e-05
429	11164.3	0.000124906	0.000124898
430	11722.5	0.000163333	0.000172927
431	12308.6	0.000211362	0.000211347
432	12924	0.000249781	0.000259368
433	13570.3	0.000297802	0.000297782
434	14248.8	0.000336215	0.000336193
435	14961.2	0.000374625	0.0003746
436	15709.3	0.000413033	0.000413005
437	16494.7	0.000461038	0.000461007
438	17319.5	0.000499438	0.000499405
439	18185.4	0.000537836	0.0005378
440	19094.7	0.00057623	0.000576192
441	20049.4	0.00062422	0.000624178
442	21051.9	0.000662608	0.000652967
443	22104.5	0.000700993	0.00069135
444	23209.7	0.000739375	0.000739325
445	24370.2	0.000777754	0.000768108
446	25588.7	0.000816131	0.000816076
447	26868.2	0.000854504	0.000854446
448	28211.6	0.000892874	0.000892814
449	29622.2	0.000931242	0.000921588
450	31103.3	0.000969606	0.000959951
451	32658.4	0.00100797	0.000998311
452	34291.3	0.00104633	0.00103667
453	36005.9	0.00107509	0.00107502
454	37806.2	0.00112303	0.00111337
455	39696.5	0.0011518	0.00115172
456	41681.4	0.00119014	0.00119006
457	43765.4	0.00122849	0.00121882
458	45953.7	0.00126683	0.00125716
459	48251.4	0.00129559	0.0012955
460	50663.9	0.00133392	0.00133383
461	53197.1	0.00137226	0.00136258
462	55857	0.00141059	0.00140091
463	58649.8	0.00144891	0.00143924
464	61582.3	0.00147766	0.00146798
465	64661.5	0.0015064	0.0015063
466	67894.5	0.0015543	0.00154462
467	71289.3	0.00158304	0.00158293
468	74853.7	0.00162135	0.00161167
469	78596.4	0.00165966	0.00164998
470	82526.2	0.0016884	0.00167871
471	86652.5	0.0017267	0.00171701
472	90985.2	0.00175543	0.00174574
473	95534.4	0.00179373	0.00178404
474	100311	0.00182245	0.00181276
475	105327	0.00186075	0.00185105
476	110593	0.00188947	0.00187977
477	116123	0.00192776	0.00191806
478	121929	0.00196605	0.00195635
479	128025	0.00199476	0.00198506
480	134427	0.00202348	0.00201377
481	141148	0.00206176	0.00205205
482	148205	0.00209047	0.00208076
483	155616	0.00212874	0.00211903
484	163396	0.00215745	0.00214773
485	171566	0.00218615	0.00217644
486	180144	0.00222442	0.00220514
487	189152	0.00225312	0.0022434
488	198609	0.00228181	0.0022721
489	208540	0.00232007	0.00231035
490	218967	0.00234877	0.00233905
491	229915	0.00238702	0.00236774
492	241411	0.00241571	0.00239643
493	253481	0.0024444	0.00243468
494	266155	0.00247309	0.00246336
495	279463	0.00250177	0.00249204
496	293436	0.00254002	0.00252073
497	308108	0.0025687	0.00255897
498	323513	0.00259738	0.00258764
499	339689	0.00262606	0.00261632
500	356674	0.00266429	0.002645
501	374507	0.00269296	0.00267367
502	393233	0.00272164	0.0027119
503	412894	0.00275031	0.00274057
504	433539	0.00277898	0.00276923
505	455216	0.00280764	0.0027979
506	477977	0.00284586	0.00282656
507	501876	0.00287453	0.00285523
508	526969	0.00289363	0.00288389
509	553318	0.00293185	0.00291255
510	580984	0.00296051	0.00295076
511	610033	0.00298916	0.00296986
512	640534	0.00301782	0.00299852
513	672561	0.00304647	0.00302717
514	706189	0.00307513	0.00306537
515	741499	0.00310378	0.00309402
516	778574	0.00313242	0.00312267
517	817502	0.00316107	0.00314176
518	858377	0.00318972	0.00317041
519	901296	0.00321836	0.00319905
520	946361	0.003247	0.00322769
521	993679	0.00327564	0.00325633
522	1.04336e+06	0.00330428	0.00328497
523	1.09553e+06	0.00333292	0.0033136
524	1.15031e+06	0.00336155	0.00334224
525	1.20782e+06	0.00339019	0.00337087
526	1.26821e+06	0.00341882	0.0033995
527	1.33163e+06	0.00344745	0.00342813
528	1.39821e+06	0.00347608	0.00345676
529	1.46812e+06	0.00349516	0.00347585
530	1.46812e+06	0.00349516	0.00347585
print rel. dofs for 1e-5 GeV <=T<=1e5 GeV
T[GeV]	heff	geff
1e-05	3.93094	3.38308
1.16712e-05	3.93094	3.38308
1.36216e-05	3.93094	3.38308
1.5898e-05	3.93094	3.38308
1.85548e-05	3.93094	3.38308
2.16556e-05	3.93094	3.38308
2.52746e-05	3.93094	3.38309
2.94984e-05	3.93099	3.38315
3.44281e-05	3.9314	3.38359
4.01816e-05	3.93365	3.38608
4.68966e-05	3.94294	3.39626
5.47337e-05	3.97217	3.42812
6.38806e-05	4.04524	3.50726
7.45561e-05	4.19506	3.66885
8.70156e-05	4.45448	3.94799
0.000101557	4.84303	4.36633
0.000118529	5.35713	4.92154
0.000138337	5.96887	5.58525
0.000161456	6.63386	6.31003
0.000188438	7.30333	7.04216
0.000219929	7.93515	7.73399
0.000256682	8.50029	8.35204
0.000299578	8.984	8.87917
0.000349642	9.38359	9.31218
0.000408073	9.70451	9.6575
0.000476269	9.95663	9.92663
0.000555861	10.1514	10.1328
0.000648755	10.2999	10.2886
0.000757172	10.4119	10.4053
0.000883708	10.496	10.4922
0.00103139	10.5586	10.5565
0.00120375	10.605	10.6039
0.00140492	10.6394	10.6389
0.0016397	10.6648	10.6646
0.00191372	10.6835	10.6834
0.00223354	10.6973	10.6973
0.0026068	10.7075	10.7075
0.00304244	10.7149	10.7149
0.00355088	10.7204	10.7204
0.00414429	10.7244	10.7244
0.00483686	10.7274	10.7274
0.00564518	10.7295	10.7295
0.00658858	10.7312	10.7312
0.00768964	10.7328	10.733
0.0089747	10.7363	10.737
0.0104745	10.7473	10.7505
0.012225	10.7746	10.7834
0.014268	10.8388	10.8601
0.0166524	10.9658	11.0098
0.0194353	11.1823	11.2609
0.0226832	11.5058	11.6297
0.026474	11.9373	12.1125
0.0308982	12.4594	12.6842
0.0360618	13.0402	13.3059
0.0420883	13.6436	13.9365
0.0491219	14.2402	14.5459
0.057331	14.8177	15.1256
0.0669119	15.3885	15.6963
0.078094	15.9982	16.3165
0.0911447	16.7433	17.1022
0.106376	17.8181	18.2841
0.124154	19.9669	20.782
0.144902	24.1154	25.6177
0.169117	30.9052	33.428
0.197379	37.6651	40.6627
0.230365	42.515	45.3353
0.268862	47.2221	49.9098
0.313794	50.9986	53.3795
0.366234	54.2643	56.3525
0.427437	57.1542	58.9945
0.498869	59.8203	61.4693
0.582238	62.1242	63.5808
0.67954	64.1773	65.4713
0.793102	66.1504	67.3358
0.925642	67.9227	68.9997
1.08033	69.6368	70.646
1.26087	71.3749	72.3493
1.47158	73	73.927
1.71751	74.469	75.3314
2.00453	75.7543	76.5361
2.33952	76.8462	77.5363
2.7305	77.7508	78.3455
3.18681	78.4858	78.987
3.71937	79.0744	79.4892
4.34094	79.5414	79.8798
5.06638	79.9103	80.1834
5.91306	80.2019	80.4208
6.90122	80.4353	80.6108
8.05453	80.6311	80.774
9.40057	80.8145	80.9374
10.9716	80.8221	80.9416
12.8051	80.7924	80.9293
14.945	80.9164	81.0937
17.4426	81.2406	81.4804
20.3575	81.8125	82.1345
23.7596	82.6851	83.1046
27.7302	83.9183	84.447
32.3644	85.5423	86.1805
37.773	87.5702	88.3122
44.0855	89.9401	90.7659
51.4528	92.4271	93.3113
60.0514	94.4361	95.3664
70.087	96.3897	97.3334
81.7997	98.1933	99.1014
95.4697	99.8628	100.713
111.424	101.26	102.042
130.045	102.567	103.293
151.778	103.042	103.551
177.142	103.526	103.911
206.746	103.579	103.8
241.296	103.616	103.745
281.621	103.647	103.725
328.684	103.676	103.725
383.612	103.702	103.735
447.72	103.727	103.75
522.542	103.75	103.769
609.867	103.772	103.787
711.785	103.793	103.806
830.736	103.813	103.824
969.566	103.831	103.842
1131.6	103.849	103.86
1320.7	103.867	103.878
1541.41	103.885	103.895
1799.01	103.902	103.912
2099.65	103.919	103.928
2450.54	103.935	103.944
2860.06	103.95	103.959
3338.03	103.965	103.974
3895.87	103.981	103.989
4546.93	103.995	104.003
5306.79	104.01	104.018
6193.64	104.024	104.032
7228.7	104.038	104.045
8436.74	104.052	104.059
9846.65	104.065	104.072
11492.2	104.065	104.072
13412.7	104.065	104.072
15654.2	104.065	104.072
18270.3	104.065	104.072
21323.5	104.065	104.072
24887	104.065	104.072
29046.1	104.065	104.072
33900.1	104.065	104.072
39565.4	104.065	104.072
46177.4	104.065	104.072
53894.4	104.065	104.072
62901	104.065	104.072
73412.8	104.065	104.072
85681.3	104.065	104.072
100000	104.065	104.072
